x y seurat_clusters
-3.30455462695531 -3.91470349746861 2
-5.62071196795873 10.6823295263656 3
-5.63014428378515 -6.4006267877213 2
9.14564354656764 5.53567348998866 1
-5.35436169864111 2.05331169647059 6
-3.21843211413793 -6.0852757783524 2
-3.78245537043981 -2.76321853119054 4
-4.32636468173437 -3.34014333206334 4
-2.35991947413854 -2.22431243377843 0
9.45800335644312 7.01341663879237 5
-5.51733796359472 11.0116103796371 3
-1.28325836421423 -6.25234235244908 0
-2.76817624331884 -6.32667840439 0
9.09170849560328 3.60310851615748 1
-2.03862027884893 -2.70740045028844 0
-0.203583785011097 -3.80714953857579 0
8.36243183849879 5.26031290572963 1
-4.61322324038915 -5.50877965408483 2
-5.85794322253637 10.5233873037704 3
-2.84568636180334 11.594286313475 3
-5.69485728503637 10.9991153387435 3
0.0667282932860414 -3.44389379936376 0
10.9923804545266 2.35788475555263 1
-4.8031355595725 10.9760764746078 3
-0.105309896780773 -3.88478125053563 0
-0.868889913572593 -6.30718148666539 0
7.85896618603297 7.9852431921371 5
-1.52664487124853 -6.70637477356114 0
-4.93302075625829 -8.07276547866979 2
8.26756413219996 8.29298149627528 5
-1.77965860129766 -2.79396308380284 0
-2.78591625453405 11.6995156912216 3
9.50312645672389 3.89546810668788 1
-4.08609192134313 -6.17166579681554 2
8.61121876476832 4.50569426101527 1
-1.82204191447668 -3.44298947769322 0
10.9704354548318 2.33404385131679 1
8.78545315502711 6.48976503890834 5
-1.25328950644903 -5.65380776840367 0
-5.47921483279638 1.00664185565791 4
-4.0512303567069 -2.66297496277013 4
-4.06361381770544 -3.34443701225438 2
-0.873442993177696 -5.15537084060826 0
-2.47801606418066 -7.24451650100865 0
-2.10154764415197 -6.82109178024449 0
-4.89466349841528 -6.63486255127111 2
-0.794775829328819 -5.44666112381139 0
9.55297405956812 3.71841727775416 1
0.156703754649834 -5.18781007248082 0
8.41888363598414 8.01475464385829 5
12.5066331171853 3.66494046729884 1
7.97084172009058 7.31758677047572 5
8.26831276653834 7.11772190612636 5
-1.82213155986242 -6.83866942840734 0
-3.09307925464086 -6.43598712402501 0
-4.77929560901098 11.1989520697006 3
10.327321364866 3.91040026229701 1
-5.47329013110571 -5.6320196481339 2
8.32702954052515 4.21336113494716 1
8.13996918438502 4.91436850112758 1
-0.919464156641289 -6.81123603302159 0
0.0394738757473986 -6.21428645569005 0
-5.39527718783788 1.54939936679683 6
8.98849423168726 7.25342642349086 5
-1.82476799251012 -6.09186566787877 0
8.01971848248072 7.4936808256515 5
-3.59115450145177 -6.1473890634171 2
-2.44156257869176 -5.92606891113439 0
-0.426253632320686 -6.10703052002111 0
-3.66324012042455 -7.21644557434239 0
-3.0808340764182 -4.54191316085973 2
-6.55858342410497 1.83466922324977 6
-3.34681741954259 -6.81032527404943 2
-6.25491921664648 1.45769309085689 6
-2.37145154239111 -7.23142684417882 0
-4.49424998523168 11.337128034056 3
-1.64278261424474 -4.51870025116124 0
-3.67666857005529 -7.53644097763219 2
-2.3118721699851 -7.68632710891881 0
9.17499382732935 3.24108182472072 1
10.5145552897317 3.19709431213222 1
-3.92300026179723 -2.46681464630284 4
10.8406937861306 4.41608320754847 1
-3.744255468859 -5.91050733047643 2
10.938269927488 2.56932865661464 1
-5.50489203692846 10.6942285208114 3
-0.958049044622703 -5.20486081558385 0
0.230728521333412 -3.67562473732152 0
-4.46813599826269 10.8382085470565 3
-4.53349606753759 11.7357381491073 3
-0.788330004228874 -6.14319098907628 0
10.0883248591287 3.7773665098556 1
-3.97842900515966 12.3877204565414 3
-2.49676220179967 12.3128112463363 3
9.21309502361842 4.52180372756801 1
8.61656410931178 2.96874796432338 1
0.0737903559071581 -6.94929326492467 0
8.69407112835474 4.13109528106532 1
9.91749413250514 2.83639394325099 1
6.8913691782815 3.6966689733871 7
-5.78411118747167 2.08413945716701 6
12.3117516779763 3.83119975608668 1
-3.69630830050878 -4.33067048507848 2
-5.63323561908178 1.42255531829677 6
-5.88653390170507 1.07179163974605 6
-5.08466021777563 11.2633260397323 3
-2.2373670792716 -2.55850280243077 0
-5.74680344821386 10.6826432852157 3
-1.37335722209386 -7.0486546846024 0
6.4734700465066 3.70459686797938 7
10.7881930613381 3.99267565292201 1
-1.92798702479772 -6.56206143814244 0
-2.66358964206152 -3.24872816520848 0
-3.5750672078269 -5.92966998535314 2
12.0153268122537 2.92674600166163 1
8.87206585644312 6.87171017211757 5
-0.70168100358419 -6.79890263992467 0
-2.78132598163061 11.466920247496 3
8.38777287243433 6.91236006301722 5
-0.865993545069023 -4.31133569198766 0
-4.47426001788549 -0.825448104917192 4
11.6465514445169 3.01023875755153 1
-3.73403541804723 12.1918023733505 3
-4.41946189166479 -2.62791813331761 4
-4.13061921359472 -5.72641862350621 2
-0.157157072475775 -3.49848330932775 0
10.3090499186379 3.41191422027431 1
-3.66669766665868 11.8851579336532 3
-5.66949097873144 1.67702161353908 6
-2.47158853770666 -6.04063523727574 0
-0.122572407736107 -5.16622842270055 0
-2.29709331752233 -6.7350617738358 0
-1.868687317385 -6.63426984268346 0
-4.29695193530492 -0.563750246345186 4
-3.30880539180212 11.2037881521591 3
9.08965428112574 6.78980957549891 5
-4.31839053393774 -4.75844968277135 2
-4.04763810397558 -6.08359063583531 2
-0.597875521196647 -5.14360011535802 0
-3.65945904017858 10.9018272070297 3
-3.48237173320226 -7.70009435135045 2
-4.59191481830053 0.264268627584791 4
-5.45598189593725 1.88287555259547 6
-4.67358844043188 10.8172706274398 3
-5.00712458850317 -0.846501478730822 4
-3.69163529635839 -0.809897908746386 4
-5.55034987689428 11.2471221594223 3
-0.728936538709923 -5.7510210366837 0
9.75838024853297 4.52410112899623 1
-5.88751952411108 2.33937655967555 6
-5.22803942920141 0.30409823936305 4
-0.527830139412208 -7.30767024475255 0
-5.0678331112998 -5.49464763122716 2
-1.33367066146307 -5.81262839752355 0
8.90996773480006 4.56834351104579 1
-2.32112710238866 -6.83328498321691 0
-0.538425431265159 -5.39271462875524 0
-5.28246752978735 2.17461144012294 6
-4.54161469699316 -0.272858748017931 4
8.57723362682887 3.06211172622523 1
-4.78247134448461 10.7021201757797 3
7.504612758146 3.82847773116908 1
-4.80460326434545 10.3521407751449 3
10.6455500864846 2.30826603454432 1
-4.34015576602392 -2.50780690628209 4
-5.1187364316123 11.5155852941879 3
-4.30680482150488 -6.43346513229528 2
-2.91253964663915 -3.05835474449315 4
-4.45173327685766 -1.52980030494847 4
-1.00969480039053 -6.44081843811193 0
-2.25392501117162 -8.0732079835526 0
-3.28927700282507 -5.00027097183385 2
-4.59788481952123 -5.17083896118321 2
10.1184218668801 2.22791301292262 1
-4.71544091464452 -7.75600398498693 2
7.19410736797877 3.83491312545619 7
-1.6166645741599 -6.41743005233922 0
-5.22752253772192 -6.32201302963414 2
-3.26081650020055 11.065477719725 3
-4.901073620333 11.6079057363876 3
8.15959866283961 8.17447124999843 5
-3.27006547213964 11.7891839651474 3
0.126732244477944 -4.69180882888951 0
8.06969864605494 7.30899321121058 5
11.6817715906961 2.84086309951625 1
-6.52544228793554 1.56675743144832 6
-5.85479466678075 1.30078302902064 6
-4.30702559710912 -4.66775096374669 2
8.8905261301858 4.52521597427211 1
-1.10429774285726 -3.50845683532872 0
-3.28619591952734 11.3593915609725 3
-4.65442387820654 -7.91839755493321 2
-4.6366225934165 11.792769780577 3
-5.24565522433691 -0.883397826730394 4
-5.74876944781713 1.38427673858485 6
-4.91268126727514 -1.50696540790715 4
-4.19016377688818 -1.84137679058232 4
-5.31249634982519 2.01069509071193 6
-3.24060170413427 -3.81779564338841 2
-5.16492240191869 -2.4984952302567 4
9.73663361309596 3.13343512100062 1
-5.21974913836889 -2.78558314758458 4
-5.26861970187597 -1.09504283386388 4
-3.87551944018774 -3.72336281257787 2
-3.70753471614294 -7.34001744705358 2
11.3511279368264 4.43643175643763 1
8.26018746136256 8.48177086395106 5
-1.80250494243078 -7.83673919159093 0
-4.11484997035436 -2.93240202385106 4
-6.71975295306615 1.60738967937312 6
-1.58698408366613 -3.89230144935765 0
-4.8473774647849 -2.01955760437169 4
-4.65518872500829 -2.70632041412511 4
-3.89619724513464 -3.29149831253209 4
-0.403663650764747 -3.96009839492955 0
10.5648406290872 2.15748774093471 1
9.57609112499781 3.8795827535995 1
-2.78383772136144 -7.11474622207799 0
-3.77427546740942 10.7668851522811 3
-1.82524018050603 -7.55417169052281 0
-2.76925222636633 -7.5659099908463 0
9.7522032999856 3.26288711112819 1
-0.803290770067497 -4.81706965881505 0
-0.55607046247892 -3.8170999379746 0
-1.03986190320425 -7.09279550033727 0
-0.319678605212494 -3.93766225296178 0
-1.85681705237798 -7.89263261276403 0
-4.91877095462255 -1.80941725689092 4
-2.29224102260046 -6.71263135391393 0
-2.34697906733923 -3.52905190902867 0
-4.04824392558508 -6.9770165773026 2
-3.76194112063818 11.8681319860824 3
8.2411120676858 6.66541134399257 5
-0.284884572638794 -7.20190537887731 0
11.7276080393655 2.74618851226649 1
-2.91756646396093 -7.57097114044347 0
-5.22432868243627 -7.72909844833531 2
-1.71721558333807 -4.80668271499791 0
-5.36041896106176 -0.689851054727221 4
7.99795277355738 8.13037144225917 5
-4.22993914843969 -7.02213157135167 2
-4.16989962817602 11.7925885824569 3
11.3157380366189 4.14351784271083 1
0.257342501865105 -3.65170181709447 0
5.42640478848048 0.499837508619642 8
8.55396588085719 3.10917555373988 1
-3.79383842708044 -5.8207026811234 2
9.08411534069605 4.05083738845668 1
-2.76981322528295 -6.82448209243932 0
-3.51779048205785 12.1509107260116 3
-1.41914264918737 -7.79309380966344 0
6.2757423663003 3.65752588790736 7
-4.81137864352636 -7.9085990281693 2
-2.38598053218298 12.2490237860092 3
8.96308357952662 4.70407902282557 1
10.7077372813088 5.14759623092494 5
-3.43301431895666 -7.13195193725743 2
-5.01797168017797 10.6904615072616 3
-2.67226831675939 11.8840745596298 3
8.27675564526148 7.77594028991542 5
-3.36937324763708 -5.84307206588903 2
-2.314812109484 -6.61353124099889 0
-1.39483980895452 -3.50743115860143 0
-3.88116423846654 -2.74458254295506 4
5.45896847485133 0.474339774072981 8
-5.62109057666235 2.11039053481898 6
8.58036740063258 3.95102631133876 1
8.24310524700709 4.45953451675258 1
8.20163376568385 5.50098930877528 1
-6.26783005954198 1.27639125865779 6
5.45740206478663 0.479366472185469 8
0.235335632549004 -3.94615734535375 0
-5.8343593335288 10.5745996145614 3
8.11909706829615 6.21758305114589 5
-1.517613098635 -3.31187690216222 0
-4.93225877047948 10.7487405447372 3
-0.254441775991245 -5.4711948724381 0
6.54307968853541 3.78459703010402 7
-2.0474621510642 -7.13835538345494 0
-5.18574397326879 -4.7673956246964 2
-3.92578212977819 11.7162803320297 3
-5.23774735690527 10.2277263311752 3
-5.04162614108495 1.06122576278529 4
9.32084496258326 2.35591517967067 1
-3.7986292100089 -4.81735766845861 2
-4.86448304416113 -8.00033677536168 2
-2.25848309756689 -2.45186198669591 0
-5.04514233828954 1.476065030516 6
-3.45432750941686 11.5258382467636 3
12.2128413462503 3.9513019232162 1
9.655407264219 3.84568177741847 1
-0.882056221975609 -4.40431178527989 0
-2.99820773364477 -3.97379268127599 2
8.39528782604762 7.64842545074305 5
-3.31670682193212 -7.11500228363195 2
-5.30078570605688 10.8882011083969 3
-5.03808848620824 -0.340874710857058 4
-0.983397290720268 -6.96265662628331 0
-1.1246135091918 -6.32654632049718 0
-6.13820855380468 1.11748086494288 6
-6.71687428714208 2.20320283454738 6
8.7286608958108 7.80034290832362 5
9.97852356670924 3.10852157157741 1
-3.19832794429235 11.1035483984359 3
-4.6296383595603 -6.09012568908849 2
-5.0712510800498 -4.98931849914708 2
-1.19212763072424 -5.99500716644445 0
-4.42366616488866 -3.359140047609 4
-5.05709140063696 -0.773024210511827 4
-0.0876967279749354 -3.76966060119786 0
-2.86203257800512 -2.35328567939916 4
10.5733903193337 3.01909386199794 1
-4.89536015750341 11.4521917013534 3
-4.48124234439306 12.2887052206405 3
-5.35997645617895 -6.39698279815831 2
-2.10896353484563 -3.95159614998021 0
-4.00534026385717 -5.00508798080602 2
-4.68051116229467 11.9799512533554 3
-3.73649160624914 -4.75044644790807 2
9.79692776440211 4.85677086395106 1
-2.68855778933935 -5.47471154647985 0
9.94285996197291 2.91457973998866 1
8.52769692181178 5.4436958937057 1
-6.31195990802221 -6.28040374237218 4
8.31184418438502 3.46189509910426 1
-3.58300034762792 12.0486758856185 3
6.965221717344 3.65995942634425 7
-0.157448250478729 -4.85755599456945 0
8.70048935650416 7.48955761474452 5
-5.89833848239355 1.48354112190089 6
-5.26326148272924 -6.37877191024938 2
-3.596874401583 -1.00156272369542 4
-1.01125423671178 -7.43128169494786 0
-0.210396573557182 -5.47334350067296 0
-4.33911149264745 -1.64295757728734 4
11.1972449564797 3.64662992042384 1
-5.95169799090795 1.61402629894099 6
-3.2989749169486 12.3655007986434 3
8.34816105602808 5.27521597427211 1
-0.639087036861702 -5.93278420883336 0
-2.44861333133154 -2.65360415893712 0
10.9351905131204 2.68270312827907 1
-3.65041486979894 -6.47595942932286 2
-1.18335132361822 -4.79675544220128 0
-3.19750659228735 -7.86985600906529 0
-1.04067663909368 -5.8029705377213 0
-5.24816767932348 -1.90911651569524 4
-3.79217521907262 -5.883403429567 2
-5.02281586886816 -1.55503273922124 4
-1.43778960467748 -7.15593827682653 0
-1.71033851863317 -7.42399419265904 0
-4.59636943103246 10.6225503591903 3
12.0439685129983 3.21345268768153 1
-5.27416770221166 -7.31291831451573 2
10.1287539744241 3.01067196410975 1
9.58541233776637 4.15222012084804 1
0.0370152586562197 -3.89835227447667 0
6.13935930965968 3.51401173156581 0
-0.816994295133873 -6.31903851944127 0
-4.81280867816381 -1.78188992458501 4
8.38298447369166 7.40853869003138 5
-5.20456807376318 11.1017650274642 3
-5.03189770938329 -2.42840374427953 4
-5.80036608935766 1.91311894935451 6
-5.34435193301611 2.00341974777064 6
-6.18195454837255 0.903428783834791 4
-5.04897229434423 10.1960958151229 3
11.1745751643045 3.28969894927821 1
-0.438768670572563 -5.83419097381749 0
-0.157384544289335 -6.57615292984166 0
6.96008618115015 3.68606316131434 7
8.61161358593531 7.36304556411586 5
-4.28532616855077 -7.80028451400914 2
-6.1677915310996 -6.54160846191564 2
-5.12985913516454 1.9748819975265 6
-0.0240134602921446 -6.85078013855138 0
-3.64381854297094 11.740186086119 3
-5.36835114718847 10.8183721212753 3
9.09473355053492 2.86552177947841 1
-4.28424279452734 -3.69953525978246 2
9.59819252728053 6.84208904784999 5
9.01652462719508 3.98921715301356 1
0.408049240098671 -4.64167655426183 0
-0.56339056850843 -4.54173291641393 0
8.8970711970193 4.09545694869838 1
-3.11759583712987 10.9313644079574 3
-1.98910693885259 -4.67155469375768 0
10.8115361475808 2.75400387328944 1
-6.17359940768652 1.7977055220016 6
-3.15964071513586 12.1146939901718 3
-4.84551636935644 -5.23951734024205 2
-1.09436152936391 -5.59541953521886 0
-4.71048800708227 -5.53435576873937 2
-4.52765242816381 -0.79852033573308 4
-3.18062894107275 -7.51940406280675 0
0.512935533509926 -4.82089580017247 0
-1.13933001519613 -7.42785323578038 0
11.3212989115579 2.31670486015162 1
9.46661503552027 2.75392519515834 1
-3.66563789607458 -7.48949492889562 2
-5.09477822543554 -2.40668524223485 4
-4.61428467990331 -7.86934340912023 2
-4.32630460025243 10.4990085272201 3
8.2869351649148 3.62856542152247 1
9.0288785242898 7.13820015472255 5
-4.33081691028051 -1.60607398468175 4
-2.1511797166007 -5.87500728088536 0
-3.62497274638586 11.9316323904403 3
-3.0676368928092 11.0757335333236 3
-1.14676086665563 -5.01800263839879 0
9.82951195477076 4.67695557159266 1
-5.54465214969091 10.3769181875595 3
-2.62664119960241 -6.58010066467443 0
8.0812409663064 4.99019371551356 1
8.13252289532252 7.80019413513026 5
-0.606889382614418 -3.99963415580907 0
-2.68502657176427 -7.10262931305089 0
-3.15145747424535 -5.59717048126378 2
-4.84316317798071 -2.40380729156651 4
-4.25826995135717 10.5630162863143 3
-6.44341866733007 1.4393914846786 6
-3.21835748912267 -4.63355935531774 2
-5.43534295321874 10.9177116064437 3
-5.10230223895483 -1.05279339271703 4
8.35495407818385 3.74367677253566 1
9.30184967754908 4.04204498809657 1
-3.91237656833105 11.0367034582504 3
-3.72851722003393 11.2357619909652 3
8.28354389904566 7.8134959844955 5
-2.40957896472387 -7.27442849594274 0
11.0277665400369 3.54220854324183 1
8.92208607433863 2.6871257929214 1
-5.92739264728002 1.98712598365626 6
-2.38608686686925 -7.25575412231603 0
-0.274638564004226 -5.15882457214513 0
-2.90029256106786 -7.86989081817784 2
-4.66232411624364 -7.03205216842809 2
6.56306250332423 3.82020079177699 7
-1.50375907184057 -5.90333617645421 0
-4.27133099795751 -6.35142577606359 2
-4.03301946879797 11.9437364248641 3
9.50686581371851 2.31144272369227 1
-5.33465449572973 -7.11184323745885 2
9.21723683117457 3.05298315566859 1
-4.2821943020957 -1.136373052179 4
8.68492920635767 7.64257179778895 5
-2.1185367560523 -5.45670569854894 0
-4.61555592776708 -1.18308986145177 4
-4.99034611941747 -5.64606154876866 2
-0.411043182625099 -7.13040173965612 0
-0.568094418062492 -6.61263860183873 0
-3.71496622325353 -4.57176507431188 2
-0.860511944307609 -5.65545905548253 0
8.30138428448267 6.43147121948085 5
-3.40267317058019 12.2942002920516 3
-5.8511583066123 1.81008564514003 6
-1.21592728854589 -7.20368588882604 0
-3.69705788852148 -5.72188008743444 2
0.325210108743386 -5.08003295379796 0
-6.08873955966406 1.83325099033198 6
-1.70308773280553 -3.72474730926671 0
-5.46609847308569 -6.88628257232823 2
-1.09831319810323 -7.23236192184606 0
0.397838428006844 -4.36281836944737 0
-1.8762898898261 -7.2052241654984 0
-1.84490792514257 -4.56266225296178 0
-5.45656554461889 -5.35930121856847 2
8.32288105724879 4.40793119949183 1
-0.0405805340545614 -6.21800149398961 0
-1.88223783732824 -6.0946775766007 0
8.4050410532815 7.61991201919398 5
-1.99419479133062 -6.63658679443517 0
11.1933463358743 4.41212021392665 1
-5.8211814618247 -6.7092319818131 2
-3.69452230693273 -5.29639066177526 2
-0.603000954403206 -5.64388383346715 0
-0.522058323635383 -5.00075400787511 0
-4.87014596225195 -2.01589895206609 4
-4.08070676089697 11.1494582800277 3
-4.8335162854331 -7.19365609604039 2
8.25711853741236 7.41226421874843 5
-4.98944203616552 -1.8536365123383 4
-4.3526264882224 -4.99448455291905 2
-4.43213860751562 -6.00255835968175 2
-1.20194165469579 -6.08104480224767 0
-0.115870401872917 -6.10899890381017 0
-4.87741105319433 -5.08335269409337 2
-5.33352916003637 -0.268034973918581 4
-3.71257035495214 11.4997790960678 3
-5.26310412646703 2.08104812187037 6
-2.84913699389867 -4.69350875335851 0
-4.1185549950736 -2.55337561088719 4
-0.799198195947929 -7.14218009430089 0
-3.41457526446752 -6.57578242736974 2
-0.129281482337638 -3.92580855804601 0
-0.688926205648704 -5.89323485809484 0
-6.70990531207494 2.16259204429469 6
-1.25768511058263 -6.92423976379552 0
-4.21873204471044 -2.77585781532445 4
-4.69132964373998 -1.17080141025701 4
-1.92831425429754 -3.07770694214025 0
-2.69736974002294 -7.43767465072789 0
9.74635727642603 2.49283396285853 1
-5.13925759555273 -6.83833707290807 2
-4.94505946399145 10.5680431036361 3
9.64863808392115 4.59448324722133 1
-5.27010218860082 -1.46654058414617 4
10.4751475596292 4.03302132171473 1
-4.35575883151464 11.7466806082138 3
-3.59329430819921 -2.52591336685338 4
8.94792015789576 6.93292891067347 5
-2.73845474482946 -4.07659305053868 2
-0.868200407041832 -6.55316890197911 0
-4.98022715808324 11.8214114813217 3
11.8138659739358 3.76400696319423 1
10.5367921137673 4.09126602691493 1
0.098555325852112 -4.13110936599889 0
-2.7122034287589 -5.24224389511266 2
-4.78439299823217 -4.52993548828282 2
-5.41176573993139 2.18615137618861 6
-2.78350107432775 11.6718486456283 3
-3.35606853724889 -5.99704421478429 2
-2.05180470706396 -5.71288550811925 0
-2.23350732089452 -6.36094535308995 0
-4.22457043887548 -6.1086813302628 2
-3.57870976687841 11.4420045523056 3
-4.43311612368993 -0.586783328830385 4
-5.45072810412817 -4.06225002723851 2
8.10883171795435 7.17619072479091 5
7.8022692942483 7.58159958404384 5
0.133053197847084 -5.48633016067662 0
-6.55721347094946 1.69311486762843 6
-4.78312365771703 -6.48011363464513 2
-2.09652833701543 -3.05426896530309 0
-4.69691912890844 -1.95729793029943 4
-4.84997384311132 -4.78932155090489 2
-0.264927752925678 -3.77200067955174 0
-4.08415000201635 -7.27503407913365 2
0.051018237457947 -4.4529482217423 0
-4.89910189868383 -8.14722121673741 2
11.2421544337136 3.82867824119411 1
8.08843071697779 6.29573475402675 5
0.16074512837954 -5.33746112304845 0
-4.52553622485571 -1.69870639759221 4
5.45434744595118 0.407321086347914 8
8.24629433392115 7.36475788635097 5
-3.45184867144994 -6.22264493423619 2
-1.92447476149969 -3.64166296440282 0
9.84138043163844 2.78131805938563 1
-2.96564452411108 -5.25234855133214 2
9.82120831249781 2.22127186340175 1
-5.39716546298437 -7.00676597076573 2
-3.06183974505834 -7.19786179977574 2
10.6654322886331 2.08135115188441 1
-4.32515828372411 -0.577342519342089 4
-1.37881653071813 -7.53951466995397 0
-1.32098011733465 -5.38397420364537 0
-5.29515044452123 -0.855858037053728 4
-1.12794666053228 -4.83752501922765 0
-5.22641389132909 0.996179929197645 4
-0.856811985983177 -6.2838374467484 0
-5.03133694888525 10.8691571859725 3
-2.09132377864294 -7.66537488418737 0
8.92918045757838 2.59591542762599 1
-1.3440473532813 -4.59642613845983 0
-2.15003006221227 -7.14895738083043 0
-4.74146620990209 -6.03260291534581 2
-1.6003118014472 -3.69870007949986 0
-5.19018141986303 -6.20486081558385 2
-3.58848993541174 11.544427266539 3
9.40312321423121 6.95669256728969 5
-3.42128841639928 -3.84731901603856 2
-3.37037198306493 11.9233173040756 3
-0.671352372183128 -5.69337619262853 0
-5.35221163989477 -6.21343768554845 2
10.3683722758157 4.17805277389369 1
-2.66945736171178 -6.25550759750524 0
9.22869522808619 3.76206742805324 1
6.76061232327052 3.76661335510097 7
-5.32594649554662 1.03424858135066 4
6.52035506008692 3.66362773460231 7
9.59096272228785 4.84815870803676 1
-4.80843131305151 -5.28180945831456 2
10.7999938273294 3.81831919235072 1
-1.42164580584936 -4.15699351745763 0
-4.90888516665868 -4.8816682191483 2
-0.448059306158348 -7.00712693649449 0
12.1295741343362 2.95664941352687 1
12.0032342219216 3.66967689079127 1
-3.24240200282507 11.1354545263656 3
-2.51696555377416 12.1281360296615 3
11.3151667857034 3.2508133558639 1
11.2837975764138 2.42720638793788 1
8.17765171764918 4.95673452895961 1
-5.59248034717016 1.17172287982783 6
-3.9082917428153 -6.23671306091466 2
-0.0692702984946211 -5.5521913858048 0
-4.92372815371923 10.5889085440048 3
-0.164352879537865 -6.90163958984532 0
-1.9990915513175 -5.50688518005528 2
9.73989422558375 2.97468506378016 1
12.0639003062112 3.10907088798366 1
-4.30601899386816 -5.62126172500768 2
0.290733858333306 -5.46178830581822 0
-1.70863525630407 -6.81283725219884 0
9.5364468836648 4.82110487502894 1
-2.25559179545812 -7.06601870971837 0
9.94566948650904 3.59737025779567 1
-4.70224873782568 -2.11259473282018 4
-1.38864199878149 -7.12988198715367 0
-1.75846903087072 -7.16270078140416 0
8.12036545513697 7.58134829086146 5
-1.30914144278936 -3.50781310516515 0
-0.17379967184238 -6.22110999542394 0
-2.1316736197608 -7.77604115921178 0
-4.93366687060766 -6.40450252014318 2
12.1676028513772 3.19005404990993 1
10.7564013743264 3.1865154413589 1
-3.60932891131811 -4.70637906509557 2
-2.02847902537756 -4.66462815719762 2
-1.62184624434881 -6.93570674377599 0
9.59974415539332 3.06506048721156 1
7.96736271618433 7.86900888961635 5
-3.63261406184606 -6.15014947372594 2
-1.64443604709081 -7.071626791536 0
-5.20137564898901 -2.57883871513524 4
-3.82025568248205 -2.56649888473668 4
-3.58962337733678 -6.66459668594518 2
-4.73665396930151 10.9071973471054 3
5.47227080105372 0.524829259336805 8
-3.92072312594823 -0.716065296708727 4
-5.63185660602026 10.7829183248886 3
8.40667851208277 8.06888519805751 5
-3.3723608708518 -5.4709597917191 2
10.4933827662332 3.6668621210464 1
8.26388104199 8.34153782409511 5
-6.76704280139379 2.01173650306544 6
-2.72238151790075 12.3661636022933 3
-4.11693112613134 11.5379508642562 3
-4.9018584942954 12.0123532919296 3
-3.90206281901769 10.8495076803573 3
-5.18891970874242 -1.13526464420476 4
8.87173683880396 4.37895857375941 1
-1.03284357549123 -7.37044108825841 0
-4.86212126971655 -0.293766239463472 4
8.0573905253274 8.04347168487391 5
-4.40104310275488 11.6234220175155 3
-5.00796763659887 -0.865493902742052 4
-3.14476315738134 -6.18235267120519 0
-2.07759861709051 12.54166351837 3
11.1418174052102 2.88145457786403 1
-3.03049628497533 -4.11615980583348 2
-4.12992899180822 10.4137023596176 3
-0.612825498594566 -5.49099744278112 0
-0.636551187052055 -6.53918517547765 0
-2.14432589770727 -6.1213618608109 0
8.87404473064967 3.50472222846828 1
10.8053572916848 3.51402961295924 1
11.9457000040872 3.55135070365748 1
12.3070605540139 3.27151261848292 1
-3.25854675532751 -7.28768838363805 2
-3.58236949206762 10.9626115469345 3
-0.0152031785386046 -3.47920835930028 0
11.2274812006814 2.39641105216823 1
8.93059952496119 3.51402293723903 1
7.9641230845315 4.01965223831019 1
-4.52939526797704 -2.27106870132604 4
-4.05442349673681 -5.33987725692906 2
-3.07891790629797 -6.34286368805089 0
8.12973625896998 6.32029615920863 5
-4.38697640658788 -5.75884927230992 2
-2.94440619708471 -5.6918341012589 2
11.1873114848001 4.39860044998012 1
-2.08125500441961 -2.4017254205338 0
-4.91962496997289 -1.0523362250916 4
-5.95189635516576 2.22934900802455 6
-4.42798249484472 -4.90180600601354 2
0.143208130584435 -6.03404820877233 0
-4.68180434466772 -1.31309534031072 4
-4.3455259060996 11.0041383413681 3
-2.17915575267248 12.412681928099 3
-2.22248236895971 12.3928598074325 3
-6.23317687274389 1.92291127723536 6
-3.43154589892797 11.3908771185287 3
8.60035450695582 6.09415184539638 5
-3.64704816104345 -4.74089873748937 2
-1.88982777358465 -4.97233785110631 0
-4.07050029994421 11.2359193472274 3
-2.32352344752721 -7.74811852890172 0
-2.88051621676855 -7.34931195694127 0
-6.00892464877538 1.52234589141688 6
-4.3570210194724 -7.11697400528112 2
-0.659447119249626 -7.17587436157384 0
-1.30157499076299 -6.61764634567418 0
-2.31585066081457 -7.92049373108068 0
-6.32171885730199 2.07031117957911 6
8.01420910595484 4.15565430206141 1
-2.59180967570715 11.7539533285507 3
-2.09497813941412 -4.77472938018956 0
-5.30143325091772 10.2896026281723 3
-1.32642237903051 -6.40606463867345 0
8.11111004589625 5.08424555343471 1
-3.01582305194311 11.4076179174789 3
-3.06278078319006 -4.56000293213048 2
-2.08255820037298 -6.71194804626622 0
9.60553677319117 2.56448375266871 1
9.59597904919215 4.86597763580165 1
9.26828797100611 4.53673302215419 1
-1.96149055720739 -5.82593263107457 0
-4.84309355975561 11.7594283728012 3
-0.572766319526954 -5.77099765258946 0
-4.44360701800756 -6.64377559143224 2
-2.80450503589086 -2.57594455200353 4
-4.05061619044714 10.666627278746 3
-4.8305227017539 -7.53458608108678 2
-5.39765851260595 1.77200376075587 6
-4.44255892993383 11.3076232580551 3
-5.75257651568822 2.13142477554164 6
-4.01859109164648 -7.18240083175817 2
-3.99270360232763 -4.38967574554601 2
-2.02445773841314 -7.34790433365026 0
-4.446399376406 -7.0352064462296 2
7.02198584316798 3.74701916259608 7
-5.40739362002782 -4.16777242141881 2
9.24166329144068 4.12680326980433 1
-1.55233506919317 -4.01036871391454 0
-4.56400792361669 -6.48817075210729 2
11.4542287134988 2.93341266197047 1
-5.70947282077245 -0.178019879191303 4
9.22377522228785 2.63859831374965 1
-1.3699057555335 -3.61281884628453 0
-4.80463759662084 -6.71819461303868 2
9.29905922649928 2.92329751533351 1
-3.8177110409873 -5.76885760742345 2
-3.05813901187353 -3.53457511383214 2
-5.11869160891943 1.61486350578151 6
-4.90243785144262 -0.45097280460515 4
-5.50881592990331 -6.27426017242589 2
9.44895203350611 2.29898034614406 1
8.82879669903346 6.66529928726039 5
0.171474381671623 -4.45179904419103 0
-4.75321833850317 -7.20609630066075 2
-1.22786824466161 -5.90853751617589 0
-3.47269289256506 -4.99124778228917 2
5.50126202343531 0.402619769991255 8
8.94737274883814 2.59888850730739 1
-5.47085873843603 1.73937486690364 6
-4.76962058307104 -3.52225173431554 4
10.2514165186746 3.68812071365199 1
8.69671280621119 7.8882554678329 5
8.72676213024683 3.51693045181117 1
-4.64328973056249 -7.89868796783605 2
-3.03828708888464 -3.24452126938024 4
-1.07585685016088 -4.21495974975743 0
0.285251452909188 -5.80632079559484 0
-1.7784363484519 -6.81442321258702 0
-4.82732312442236 -4.78188003021398 2
-0.580816403641029 -7.34087289291539 0
0.290318324552254 -5.67710078674474 0
8.63290055035182 6.62800251525722 5
10.5801718973977 3.73254930061183 1
-3.55719177485876 -6.18285859543004 2
8.17503769634791 8.3053754476913 5
-4.7603413319724 11.5736659674057 3
-5.33394496203832 11.0458625463851 3
-2.43050329448156 12.1954024938949 3
6.79135115383692 3.71555744689784 7
-2.1348370766776 -3.58238757568517 0
-3.79399769069128 -5.84833157974401 2
8.00755627392359 7.73905216735682 5
-5.02380721332006 -6.8512841554276 2
-4.46249501468114 -6.83439792114415 2
-3.84449331523351 -5.70640767532506 2
-5.30021636248998 0.491752615393019 4
8.14496834515162 6.96506487411342 5
-5.39282672168188 -5.3612448068253 2
8.56188805340357 6.56799255889735 5
-0.645995006574913 -6.05586160141149 0
12.0245936655862 2.94098102134547 1
-2.67277447940282 -7.15952838379064 0
-4.85406558276586 10.6503261236557 3
-6.02891127826147 0.488666942537641 4
-2.46280519725256 -3.87748444992223 0
10.0470546030862 2.93670808357081 1
-0.509460136904045 -6.26836837249913 0
-1.98686175109319 -2.9119211526505 0
11.9010432505471 3.3267627863296 1
-0.646349892629905 -6.25607408004918 0
-4.94725911380224 -6.33550752121129 2
8.63162930248805 3.28291093391261 1
12.5533507609231 3.61042081397853 1
-1.19147329093389 -4.85271275955358 0
-4.04737822772436 -6.15180219131627 2
8.16027958630152 5.71202599090419 1
8.45503552197047 4.28484283965907 1
-5.01457659961156 -0.0429636852733136 4
9.24232418774195 5.43702494186244 1
-4.744739220156 -2.69193352180638 4
7.69369251965113 4.05906044524989 1
-0.0316916784780462 -5.840265879213 0
-4.12508718730383 12.3705333380111 3
-4.9591356969016 11.9654353765853 3
8.31268532513209 7.97760330718837 5
-6.05057685138158 0.920371761740065 4
-1.87649969817571 -7.73842442947545 0
-3.5482162690299 -2.94461763816991 4
-4.64386050464086 -7.5200811715714 2
-2.86185900927953 12.173216214598 3
-6.03566901446752 1.68311904949031 6
-4.68561475039892 10.3212207464584 3
10.4119160914285 2.73802386802516 1
12.4000714564187 3.74630891364894 1
10.1600745463235 2.61896049064479 1
-3.93068043948583 -6.91846526580968 2
-4.93896548510961 0.0361855981954097 4
-0.682946965708061 -6.8182555528275 0
-3.11938993693761 -5.5532032342545 0
-2.92969100238256 -5.87107194381871 0
-6.3732678151267 1.23415838760219 6
-4.73181597949438 -0.16379664632597 4
-2.3931230759757 -7.50807536560216 0
0.29508949755259 -3.79701794105687 0
9.06331856487818 4.88082253021083 1
9.22084172009058 6.69861256164393 5
-0.0532937577503164 -6.8138405175797 0
-4.42780081988744 -2.70114100891271 4
-5.1344458317893 -4.31584418731847 2
-0.0821962437169989 -6.93488896804967 0
-0.306223050369545 -4.67174209076085 0
-4.95323722125463 11.7219394354232 3
-5.09325139285497 -5.77692521530309 2
-4.3635832524436 -4.5803953500382 2
10.2983105921609 2.49172722381434 1
-4.99674336673193 -3.05693376976171 4
8.91037781475611 7.32950722259364 5
-2.40566770793371 -6.41236699539342 0
9.42113430737086 3.0052136091598 1
-4.25131909610204 -0.443187961160326 4
-3.10156457187109 -7.66796601730504 0
0.20189143656321 -6.34275783020177 0
-0.439808056368156 -6.99809277969518 0
-5.34624831439428 0.979182830274916 4
-1.37672106982641 -2.80550874191442 0
-5.23524873019628 -5.15764583069005 2
-4.93115775348119 -0.375659743129396 4
-1.70953075648717 -5.22386468368688 0
-6.11536710025243 -6.70230210739293 2
-4.6848870968955 0.000173738420820191 4
-5.84110800982885 0.527125468672133 4
-3.21934907199316 11.4989102987655 3
-1.85270123244695 -7.9465743394486 0
-5.13173501254491 -0.409390190421724 4
-3.15518729449682 -5.10688746887364 2
-4.35559670688085 -1.02761794048467 4
-4.3914357876914 11.5062183050521 3
-1.48143105269842 -5.60197175460973 0
-3.8060721612113 10.9060596136459 3
-4.13967530490331 11.9784206060775 3
-0.737115011228843 -3.81036723571935 0
-4.71878592730932 11.0116189627059 3
-2.61321751834325 -7.97000754791417 0
-0.544688657535835 -6.33877385574498 0
-4.20319716693334 -6.26973737198033 2
-5.41861836673193 -0.649268934308672 4
-5.3050829625266 0.992443552435255 4
0.133461400256828 -3.88028968292394 0
-4.67164389850072 10.6859306005844 3
-1.55238060714178 -7.67724908310094 0
-2.86048428775243 11.3807920126327 3
-5.54398839236669 10.8742145208724 3
-4.53201501132421 -0.521728256522799 4
12.2660945200784 3.75457488578639 1
-2.79592363597326 -4.39139426666417 2
8.26692898510523 7.061909070433 5
-3.88097707988195 -5.6955601068131 2
-4.50021331073217 -6.32485164123693 2
-4.4784867024558 11.5140012411483 3
-4.87007252932958 -0.666478642999315 4
-2.24618642093114 -2.35274542289891 0
-1.13749919892721 -6.36398137527623 0
-0.960752294077202 -6.5460182519547 0
-3.87731687785558 -4.83472455459752 2
8.367321326719 6.83919941467128 5
-3.03130738498144 -6.76970065551915 0
-3.63041989566259 -7.57159579712071 2
-2.28840081454687 -6.58208764511266 0
-4.77961795092992 11.8469089178451 3
-2.51349346400671 -2.77011359649816 4
-2.87699334384374 -5.55584681945958 2
-6.61696259738378 1.59084331077418 6
-2.80858294726781 -7.3980485292069 0
-6.00973956347875 2.02390014213405 6
-1.97576598884039 -6.99705184417882 0
10.9251712107522 2.76555000823817 1
-2.63969676257543 -5.04009402710118 2
11.8307107233865 3.35205112975917 1
-2.33112375499181 -6.56330073791661 0
-0.569956377758308 -4.95781053024449 0
9.09448750256129 4.45905100387416 1
8.83131344555445 3.34331261199794 1
-4.65297333957128 -2.76657927948155 4
-4.91080682040624 -4.97439301925817 2
10.2755406641824 2.94737040084682 1
-4.39336983920507 -5.918794760286 2
-0.395309672369285 -4.64699901062169 0
-5.30488412143163 2.03618489784083 6
-4.37513272525243 -7.52024186569371 2
-3.83384768725805 -6.35872996765294 2
11.2795623087747 4.33679710906825 1
-4.4976197934287 -5.05208362060704 2
-5.15775220157079 -0.799114236413622 4
9.18006451366969 4.42825495284877 1
-6.75973860980444 2.04589711707911 6
-4.11251275302343 -2.11766732650914 4
10.6644681238992 2.13957678359828 1
-2.93145863772802 -7.57507956939855 0
-5.26865737201147 -6.14408076721349 2
-1.66383819343023 -4.32155908065953 0
9.0908492350442 6.55332790893397 5
-5.13120429278783 10.9700873999008 3
-3.04407303096227 11.3390687612899 3
-0.262876451625152 -6.20340074020543 0
-3.99495308162145 -7.20533765274205 2
9.24510224102564 4.93681847137294 1
-0.912574336542412 -5.52786935287633 0
-5.77713649035864 -6.87342370468297 2
-5.73340813876562 10.5182307867416 3
-4.39371316195898 11.0207923559555 3
-4.55097977878027 -0.668596694051409 4
-3.37848107577734 -6.48893226104894 2
-4.35050074817114 12.157331815184 3
-2.1422663188117 12.5699208883651 3
0.429278328405098 -5.77329553085485 0
-5.0404197430747 10.4396289495834 3
-4.00401155711584 -4.6612640710465 2
8.3796447062356 4.73587309402308 1
-2.98742668391637 -7.38694203811803 0
-6.69638077975683 1.33299659770808 6
-0.334050953997894 -5.48969090896764 0
11.0090106272561 2.11328565162501 1
0.236801668391899 -5.72324002700963 0
-3.52323906184606 -6.61798680740514 2
-0.0948737791316946 -4.20912183242955 0
-0.847544298185631 -5.34818280655065 0
10.5241091990335 4.52011906188807 1
8.07731182812281 8.46415745300136 5
-1.81394235850744 -5.99682534652867 0
-2.74247185946874 -5.97068704086461 0
6.91979058025904 3.65683995765529 7
-4.62366931201391 11.505832066954 3
-4.19457928897314 -6.18119491058507 2
-2.09100370170049 -6.47453034835973 0
-6.27684466601781 1.995667090834 6
-5.73198239566259 2.07606612724147 6
7.99747784374781 8.0815042166122 5
9.28153832195826 4.38146149200282 1
11.8088830256326 2.76827608627162 1
8.3437560343606 4.90861689132533 1
-4.55688016177587 11.0131515173324 3
-2.45402686358862 -7.17193520980992 0
-3.96097271205358 -5.96596444564977 2
-3.82826297046117 11.8047860769638 3
-2.84746067286901 -7.94620765167394 2
-2.93546216250829 -4.20094264465489 2
-4.63242738009863 11.6951154379257 3
8.94100697277613 5.83925329727015 1
-2.37018697024755 12.3644241003402 3
-5.32194869281225 1.81600712817988 6
-0.547143176807686 -5.45788730102696 0
-0.472390011562629 -4.67924846130528 0
-4.80686251880102 -5.20591748672643 2
8.08654339550562 7.90437637847743 5
10.9905589365823 2.99419437927089 1
8.35686905621119 8.01075207275233 5
12.0206654810769 3.57257401031337 1
-1.94325546981268 -7.18714393097081 0
-4.87785784961156 0.479004493177748 4
-4.71122662784032 -1.8749018998734 4
-3.31165520907812 -4.38250125366368 2
9.86885864971705 2.49039804023585 1
-2.88603012324743 11.6053460745224 3
-6.39923493625097 1.303009262503 6
-3.36278908015661 -7.77916491943517 0
-1.72476832629613 -5.62965310531774 0
8.97512181042262 4.30919348281703 1
10.8627494120462 2.9294661192306 1
-1.74832062484197 -2.75397575813451 0
0.0453415506941835 -6.18104756790319 0
-4.99701707126073 11.8662074713119 3
0.0293266320092241 -5.56786597686925 0
8.45415146587916 6.79806124252162 5
-1.42182199717931 -6.76407874542394 0
-4.34827916385107 -1.96905888038793 4
-6.74867694140844 1.75525342506251 6
-4.21843497516088 -0.96211851555028 4
-4.36523120166235 -2.16923583465734 4
-4.65890948535375 11.8845628408798 3
-1.80039708377294 -8.02482284027257 0
-1.83418433429174 -6.47593606430211 0
-4.80697266818456 11.0051778463729 3
8.62144215344019 4.10503469985805 1
11.0868361735208 4.0662430433639 1
-5.26714484454565 -0.227231727718496 4
10.5667508387429 2.85471068900905 1
9.58306153057642 2.85760008376918 1
-3.09487097026281 -3.7835887761704 2
-2.58202473880224 -6.14423383194127 0
-2.19662348987035 -5.32055867630162 0
-5.44024293185644 0.764365365923262 4
-2.5091230130332 12.2059053091415 3
-1.70094387294225 -6.51848329025426 0
-3.23210184337072 -5.18247760254064 2
-1.14933221103124 -5.94750083404698 0
-3.41171281100683 -7.35654080825963 2
9.4463532709939 4.20442043823085 1
0.0571229302746813 -6.9860383363358 0
0.407454385743813 -5.70494473892369 0
8.09779293774195 6.51530109924159 5
-0.810979471220299 -6.36430180984654 0
-5.54692952395849 -0.419856557428026 4
11.3037169718606 2.27711569351039 1
12.1497748637063 2.8233767656692 1
-1.41678731204443 -5.20801747757115 0
9.01477082012721 3.68662439864955 1
-3.16592471362524 12.1512740759262 3
-3.64888922931127 -6.92675651031652 2
-0.773419604315086 -6.29238522964635 0
12.5401662134988 3.82152163070521 1
-2.44982902766637 -3.8375483842484 0
8.26526291607447 6.40599094909511 5
11.5893538737161 3.2618533281692 1
10.053395583616 2.49690853637538 1
-3.43575589419775 -6.54795134979405 2
-0.798657224191948 -6.70495427566686 0
-3.24941055537633 12.1428579000839 3
-3.47588031054906 10.7838939337142 3
9.75896198986598 3.42954551261745 1
-3.29956333400182 -6.38632882553258 2
10.3772481226785 2.78855954688869 1
-4.85919492007665 11.2999538092025 3
-1.46306268931799 -5.92289699035802 0
-4.88245885135107 -6.6435057016007 2
-3.02462212802343 -4.97921813446202 2
-2.41506426097326 -4.02493418174901 0
-0.492538527263923 -3.48995221573033 0
-3.6228057599204 10.6795705465683 3
11.2387851023538 2.91679464858851 1
-4.83175627948217 -4.77134812790074 2
8.78814728497096 6.51291071456752 5
-4.92358653308324 10.5815080313095 3
-1.82475321055822 -7.24600184875646 0
8.19968540905543 3.79442512077174 1
11.8569930338723 3.42820369285426 1
8.43732292889185 5.18083988708339 1
-5.095653698458 11.7094558386215 3
8.27046616314478 7.01668345016322 5
9.0471423411233 4.32209288162074 1
-4.09181420566015 -2.54653705078282 4
-4.99282328845434 11.9081891683944 3
-3.01369611979894 -3.91448391395726 2
11.9553712153298 3.41193806213222 1
10.7897351527078 2.55111729186854 1
-5.01893632174902 -6.25952638107457 2
-5.09206788302831 10.5027412084945 3
-2.03779737712316 -6.21227754074254 0
0.11995966671534 -4.99601424652257 0
-3.83279602290563 11.6834720281967 3
-1.70377938510351 -5.74108708816686 0
-4.73019044162206 10.5650218634017 3
8.50331051586695 3.62291156333766 1
-2.49664394618444 -2.33518017250218 0
8.17978890179224 6.04892479461513 5
-5.11120097400121 -6.56265605407872 2
8.91068489788599 2.52563559097133 1
0.278336330638603 -4.76130593734899 0
-5.0910846448081 -6.16196835952916 2
0.447945191846565 -4.56241095977941 0
8.42651207684107 4.85050093215785 1
9.95755799053736 2.80861150306544 1
-4.84375779391698 -2.23964060264745 4
-4.80221764804296 10.5744594244369 3
8.38193352459498 4.35564505142055 1
9.78807194469996 2.5454820303329 1
-1.01948414803915 -6.66966927963414 0
-1.48198370696477 -4.97992671447911 0
-4.87143199206762 11.3031209616073 3
-4.94079463244848 -0.552014419614458 4
8.70384819744654 3.02551375907741 1
-4.60320584536962 -2.61206925827184 4
-1.31483309031896 -6.46764005142369 0
0.210481747375206 -6.01812756973424 0
10.68113835095 3.0992408899673 1
-2.08542053462438 -2.64075125175633 0
-2.54658119441442 -6.09705031829991 0
-1.0315068817275 -7.38404286819615 0
-0.661090598120018 -5.03084433990636 0
-4.35307519198827 10.5004295019516 3
-2.88257615329198 11.8331788687118 3
-0.278688744320198 -6.14327491241612 0
9.80794174908228 5.99853979629359 5
-1.55208055735998 -5.55765975433507 0
9.25212795971461 7.26369368118129 5
-6.08299987079076 1.94736396354518 6
9.33954651592799 5.82162176650844 5
-1.90845386744909 -7.0110536904923 0
-3.91946952105932 -5.13906825500646 2
8.77319367168971 2.69603597205958 1
0.00349168418474596 -5.81462396103063 0
-3.83181016208105 -2.64148319679418 4
-0.199382547898813 -5.07236159759679 0
-3.4640835976737 11.3884738592514 3
9.38757164715357 3.08368526977382 1
-2.65232341052465 -5.86787522751012 2
-4.06257693530492 11.1424039511093 3
8.18986828564234 6.20559155029139 5
-2.5017291760581 -6.30025828796544 0
-5.13712422610693 10.239884725035 3
11.6631730341775 2.47414814514003 1
8.91918118237086 2.70906387847743 1
8.35295040844508 5.1719354299911 1
-3.09118668795995 -4.37999404388585 2
-4.64502160312109 -2.61965979057469 4
-2.43052427531652 -5.62252248245397 2
-5.27383010150365 -1.24907768684545 4
-4.7104465222495 10.7426503805526 3
-3.36636535884313 12.3762859014877 3
12.2597916865212 3.69851004165492 1
-2.71576945544653 -7.37966788726964 0
-1.32615844966344 -4.57275021988072 0
-4.60967652560644 10.302930226744 3
-6.24291674853735 1.84710883182368 6
-6.23898427249364 1.51677094978175 6
-0.332113177193924 -6.60909951645055 0
-5.08970038653783 -6.06853259521642 2
-3.7470266080039 -6.23757947403112 2
-2.67952840091161 -2.40728200393834 4
-3.09576956988744 -4.2101765962235 2
-0.369506687535568 -3.5622912736527 0
-2.25622122050695 -5.93559516388097 0
-1.04905186654501 -3.44127667862096 0
-4.98582713366918 -4.61690963226476 2
10.4102347636087 2.92835866493068 1
-4.68176333667211 -0.993157038270617 4
-0.626255974783226 -5.00194180923619 0
9.30730278729029 2.69525753539882 1
-5.16496960879736 -0.112494676179373 4
-2.40918032885961 -2.02785421329656 0
-3.87358991862707 -5.44299758392491 2
-3.2915925240653 -3.58624065834203 2
-4.69445388080053 -4.86425603347936 2
-4.06923644305639 -5.15034354644933 2
11.6799033427102 2.64978610557399 1
-4.59014813662939 10.8423465399154 3
0.256811752305702 -3.85370672660985 0
-4.8907500958579 -0.417538830815935 4
8.06072933910914 4.00004040283046 1
-4.06787292720251 -3.26975668388524 4
-5.10878627063207 1.88508855384669 6
10.1447461390359 4.07969175857387 1
-3.30968348742895 11.5457271246322 3
-1.44071929217748 -3.02230084854283 0
8.76371701000758 6.80966364425502 5
8.86762745617457 4.16421066802821 1
-6.22684685946874 -6.52864802795568 2
-5.02755372287206 10.8507732061752 3
10.2365964197976 4.53493439239345 1
-5.66693894626073 -6.60252726989903 2
10.1948502802712 3.24289118331752 1
-2.32907764674596 -4.32492650467076 0
-5.14369361163549 -1.23912049251714 4
-2.17605225802831 -4.66837895828404 0
-4.52686517001562 -6.76133502441564 2
6.37844593761988 3.76774989646754 7
-5.32954375506811 -2.01141000705876 4
-2.19699995280675 12.5237392095932 3
-0.199010495706125 -3.64948333221593 0
-2.71324889422826 -6.68893683868566 0
-2.99707286120824 -7.5215083451859 0
-3.97487489940099 11.9434102682479 3
0.383328154073433 -4.62872136551061 0
-2.15602199794225 -5.78523648697057 0
-3.98566787005834 -5.07617104965367 2
-2.90204684497289 -5.30761970001378 2
-3.73385874988012 12.0242141394027 3
-4.62884633304052 -3.24057258087316 4
8.80390198467799 2.76110946220241 1
-4.53927628756933 -2.08574391323247 4
0.230206325040535 -4.83178819137731 0
7.87745793102808 7.3127955107101 5
-3.88984577418737 -5.5153728814713 2
8.43787510632105 7.16226707977138 5
-5.95462910891943 -6.77989400345006 2
12.0024989390237 2.70541416686854 1
-4.70301882983617 -7.06902373748937 2
-1.42594508887701 -7.29340756851354 0
-3.17597071887426 -6.11203111129918 2
-3.98094789744787 -5.80075705963292 2
-3.87028805972509 12.021586766661 3
-4.0179588055747 11.2570336965927 3
-6.84581296206884 1.94901787322841 6
7.80458243130274 3.95469891113124 1
-4.43595521212988 -4.90311063247838 2
-4.11837260486059 -3.57772506195226 2
-5.72892205478124 10.6352771429428 3
-4.13250677348547 -4.81195939499059 2
8.7402575754983 3.478168836058 1
11.3459189677102 2.34169160407863 1
-3.93928067447118 11.2086366323837 3
-4.51539819003515 -5.61969102340856 2
-4.49800078631811 -7.37429631668248 2
-1.09224908114843 -5.2951170297257 0
-2.48172371150426 -5.64214385467687 0
8.82437069653101 3.88319860977015 1
-2.47966758967809 -6.01493037658849 0
-1.85081450702123 -5.72339356857457 0
-4.77977244616918 0.273003241241789 4
11.3025468134744 2.86588083785853 1
-2.56745164157323 -4.03478182274022 2
-4.79727666140966 -8.11135161834874 2
-4.90307681323461 -0.0613634230486393 4
-0.418791279806419 -4.41886485534825 0
-3.54906217814855 11.9408086447128 3
-4.00002448321752 -6.46219266372838 2
-5.9419728970664 1.05183123630366 4
-0.142283308987635 -3.53966558891454 0
0.0889632397753755 -5.1271778436295 0
9.93127949474879 3.66526543182216 1
-4.82579581500463 -5.1808568330399 2
11.8537734293801 3.44956575912318 1
-4.6674777722495 -2.42106259781041 4
-2.41963212253027 -6.83672727066197 0
8.74304135082789 7.07671820205531 5
-4.43142049075536 -2.496591219484 4
9.47255356548853 2.35391556304774 1
-1.92869155169897 -4.70864690261998 0
-5.61706797839574 -0.229549394725943 4
8.59310848949976 5.60573994201503 1
-5.83230845691137 1.76606916469417 6
-3.27161352397375 -5.78393805938878 2
-5.71619574786596 2.21553980392299 6
-1.76266245604925 -6.17435897308507 0
-4.72187869311742 -0.688752898751879 4
5.38177712200709 0.345685472906446 0
-5.56563393832616 1.02867328208766 4
-1.36517755748205 -7.10188115554967 0
-5.53309314013891 -4.89644206482091 2
-4.8014175152915 -5.02349389511266 2
-4.99715583087377 -6.00967229324498 2
-4.11113707782201 -6.38819421249547 2
-2.82910053492956 -6.04659474807897 2
-0.864345953478142 -6.74370778518834 0
-1.78118328811102 -8.01604808288732 0
-2.3746425366538 -6.26698840576329 0
-6.63184563876562 1.83972214740596 6
9.34052498577662 3.61457621139369 1
-4.33973328830175 -6.83342374282994 2
8.40821011303492 5.86015354675136 1
11.9741719508035 3.03750049156032 1
-3.06380717517309 -6.82521451431432 0
-4.29569165469579 -6.94641078430333 2
-5.21929089785986 -0.5669005306355 4
-2.46572701693945 -7.29995358902135 0
-4.84871880771093 -2.49392116981664 4
-0.307533234967514 -6.54842151123204 0
-3.65581910373144 -3.60430897194066 4
8.67547447918482 4.99740826171718 1
-3.61401812793188 -5.20449365097203 2
-5.31150882007055 0.920691600263929 4
-6.34868304492406 1.95030700248561 6
10.75069744824 2.69685112518153 1
-5.73057667972021 1.32211767715297 6
-2.97981612445287 -7.9363499971024 2
7.87986786602564 3.91408001464686 1
-5.36850945712499 -0.373230660139704 4
-3.55245487452917 -4.7044745774857 2
-6.95533435107641 1.95359336417995 6
-5.28730838061742 10.9232591299423 3
-3.32872097255163 -5.76825440841832 2
9.10374863384791 3.65709053558192 1
-6.87621657611303 1.73288761657557 6
-1.12297396422796 -6.16418708282628 0
-2.46058695079259 -3.17129839378514 0
0.172842248664574 -5.97334636169591 0
-3.34407179118566 -6.62285006958165 2
9.19276554821558 2.34741841834865 1
-2.57565228702001 11.9918664602645 3
-3.20752494098119 -4.17805255371251 2
-0.78422699929647 -4.30063546615758 0
0.176769241080956 -3.56650961357274 0
10.1080401682717 3.69110476058803 1
-5.45814530612402 -0.31878063994565 4
-3.77289216281347 -3.50113261657872 2
8.78724415539332 7.27395092529139 5
-4.82488648654394 -8.00401843506017 2
-6.25535266162328 1.11074637454829 6
8.05023701428004 4.79551588577113 1
8.58356125591822 4.13602720779262 1
10.8096431040628 3.03801142257533 1
-3.61541836024694 -4.18553174453893 2
-2.99163930179052 12.0825427679428 3
-6.50451295138769 1.7929356006988 6
12.4319670939309 3.63183580917201 1
-4.81585280658178 -7.19503224807897 2
-5.13410298587255 -0.280400002180719 4
8.11802609203883 6.35617100280604 5
-3.99571554423742 -7.55028212982335 2
-3.66027037860326 -7.49981368499913 2
-5.87708918811254 10.4889711050399 3
-3.67640416385107 12.1107667593368 3
-3.92221443416051 -5.58682692962804 2
8.03942616222926 7.37239872497401 5
-2.58396498919897 -6.41177714782872 0
-3.46790401698522 -7.68124307113805 2
-6.20938222171239 2.02711020988307 6
-4.85641686679296 11.0481609014877 3
12.4741576456887 3.61406814140162 1
0.114078267799095 -6.63241351562657 0
11.1001103663308 2.65963279289088 1
-6.13171403170995 1.79219769519649 6
-5.84174649478368 2.22235118430934 6
6.22469122646876 3.59213124793849 0
-0.522136018289848 -4.20213616806188 0
9.26329834698267 2.45854388755641 1
9.38707669018336 3.09872018379054 1
-2.41926901103429 -7.6618949266068 0
-4.90418498279028 -5.91287339645543 2
-1.02966885329656 -5.65139783340612 0
10.6875670695169 2.70930897277675 1
-3.10410539866857 -7.2266126962296 2
-1.75978951217107 -4.31787837463536 0
-5.51384227038793 10.3531707434066 3
-3.36664645434789 -4.68629992920079 2
-1.26653973819189 -4.56576074081578 0
-5.22410599948339 -5.33884824234166 2
11.3522227549417 3.61887871307216 1
8.94636948345728 5.4362119345077 1
8.32064564465113 5.4997171072372 1
-2.23982302905492 -3.15048612075963 0
-3.72099058391027 -4.64555514770665 2
10.6373418116433 2.99193607848964 1
-1.46436004401617 -7.36348069626012 0
-4.46775977374487 -5.4461590142838 2
11.3249648356301 4.32787834686122 1
-0.403451309217735 -6.04114640670934 0
10.7713006281716 2.63887797874293 1
-0.795061275972648 -4.83611978012242 0
7.97515423534937 7.20824801009974 5
-2.46702115298681 -3.50521291214147 0
-4.39320723773412 -6.81488717514195 2
8.81041271923609 6.11663805526576 5
6.73212607143946 3.808815112532 7
-1.4950221038001 -5.39927304702916 0
-2.89167659045629 -7.02177489715734 0
8.62507088421412 7.51217781585536 5
10.9213832163674 3.79266797584376 1
-0.087752890451475 -5.35892260986486 0
9.2580798411233 2.95637308639369 1
-0.587012127651497 -4.18614877182164 0
-1.00470595122747 -6.5666481347672 0
-6.17022292376928 2.28815590423427 6
-4.84618108035497 -0.0980979965917111 4
-3.75217621089391 -3.09638155418553 4
-2.2501775479453 -5.90637029129186 0
-2.68212382556371 -7.5809737535111 0
0.046261727200226 -5.08885634857335 0
10.3514760279519 2.89172493499599 1
-3.99105231524877 -6.29859889465489 2
-3.99520866633825 -6.69565642791905 2
-4.51057736636572 -5.00158847290196 2
-5.50220792056493 11.2701047567733 3
8.22106011150904 6.68758284133754 5
-3.18033234836034 11.16067158264 3
-0.712982223047539 -6.2528110833756 0
-2.07089047194891 -7.42269242721715 0
-4.52313201190405 -6.04695952850499 2
-5.36403004886083 -0.313557380615854 4
-2.58012621165685 -7.51713527160802 0
-4.12015454532079 -6.44299949127355 2
-5.32855193377905 1.94543658775172 6
-1.00927560092382 -4.31081736999669 0
9.00399525402613 4.43261276763759 1
-0.256090403212829 -6.98131288009801 0
-0.649917290224357 -5.79232085662999 0
8.0964701914651 6.12658106368861 5
-5.3463598942893 -3.72670901733556 4
-3.36713759662084 -4.22472299057164 2
-2.0052030539649 -5.25707400756993 0
9.64398319958277 5.14355503600917 1
-4.18054978610448 -1.56711448150792 4
-0.837683246149345 -5.90083182769933 0
-4.88731448413305 -2.36899198013463 4
-1.92506913901739 -2.79013360458531 0
-5.39711396457128 -0.498545298158312 4
-3.01485268832616 -7.453302988588 0
-4.98456017733984 -0.783471414624834 4
-3.01240651370458 -5.89534343200841 2
-2.16932265521459 12.5670093206771 3
9.60301335094996 2.64923845809779 1
-4.0120674824851 -4.94485438781896 2
-0.25933887870483 -6.00433934646764 0
-1.07820813418798 -3.84592426735082 0
8.21639282940455 4.38637911361537 1
-2.45461885692052 -4.47411693054357 0
8.09092171429224 7.85396324676356 5
-4.41616456271581 -0.622514435826921 4
10.2434914851052 2.93938981574855 1
9.65391476391383 2.56156550926051 1
-0.164428357644602 -5.67472852188268 0
-3.38063399554662 -6.64371312576451 0
-3.0093340134757 11.4646667150863 3
-2.29965417148046 -6.37444508987584 0
-0.246501096202656 -4.52884686905065 0
-1.32061545611791 -6.60947669464269 0
-4.01419870616369 11.7790006307968 3
-2.6763421750205 -5.99602139907994 0
11.77084954022 2.59913765472255 1
-0.0483493662016829 -6.75995744186559 0
-4.38439385653906 -5.30467713791051 2
-5.67622534991674 -6.66009963470616 2
0.207254096255974 -5.14368070083776 0
-3.47781030894689 -6.98705209213414 2
8.0669930720193 6.84064423126063 5
-3.29781644107275 11.015820851744 3
-0.529461965574547 -4.1559282632462 0
-2.12020401717596 -2.73498381096044 0
-1.91148261786871 -5.50582421737828 0
-5.20644013644628 -0.338688680707598 4
5.56320936916895 0.486484280050611 1
-4.60014645816259 -5.80690015274205 2
-3.76398103000097 -5.76170266586461 2
-4.36140792132787 11.8688453344711 3
-2.42878143550329 12.3881057409652 3
0.238147094236092 -5.57842029052892 0
0.21079908250399 -3.75457943397679 0
-1.76377551318578 -4.79150451141515 0
-1.20727293254308 -5.2900368066422 0
-4.44972054721288 -2.70083726364293 4
-4.52906100512914 -1.52323318439641 4
-6.11308972598486 1.34173761886439 6
-0.0971312305467566 -4.03798426109471 0
-2.28250448466711 -7.03851808029332 0
-2.03441004516058 -5.9615079255692 0
-4.9259497380393 -2.7289844842545 4
-3.81133739711217 -5.69617331939855 2
-0.829629466547294 -5.91276467758336 0
-1.93236486674718 -4.79472888427892 0
-2.21381036998205 -7.35750926452794 0
-2.36947624446325 -6.33704675155797 0
-1.10876308442525 -6.43343699890294 0
-4.36573903323583 -6.07008565384069 2
-3.13594500781469 -7.05625022369542 2
7.9046109461648 8.10629688781581 5
-3.18392054797582 -7.36015332657018 2
-4.92523495913915 -5.89175141769567 2
8.20453865765162 7.823721280516 5
10.4136384272439 3.89388023895106 1
-0.0111208266156157 -3.64081467109838 0
-4.15698449374609 11.7982219366439 3
6.65286953686304 3.69682489913783 7
7.74954588650294 3.80767547172389 1
-2.5860535359519 -4.31876767593541 2
12.6148379587991 3.72728859466395 1
-3.99087850810461 11.134457936705 3
-5.3900987362998 -6.75739968734899 2
8.89587719677515 4.78420387786708 1
0.456695272908882 -5.65947545486608 0
8.13546116589137 6.13888250869594 5
8.34143479107447 7.79512344878993 5
-1.45309047461919 -2.82451261001744 0
-5.60169856311254 2.00551497024379 6
-5.57453839541845 -4.50245297866979 2
-4.75359027148656 -8.11455834823766 2
-4.19267289401464 -7.21032584625402 2
-1.63916985751562 -7.67119134384313 0
8.02072460888453 7.44892775100551 5
9.59575302837916 2.76105796378932 1
-0.36699016453199 -4.95986236053624 0
8.28790123699732 4.50172459167323 1
9.17098934887476 5.07646786254725 1
-5.37907712222509 -6.51907552200475 2
-3.64436595202856 -7.07292569595494 2
9.84659035442896 3.10494386237941 1
-5.75685374499731 -6.73671973663487 2
-2.26711194278173 -7.20940459686437 0
6.62270291088648 3.65082608741603 7
-4.9173933720725 -2.01858807521977 4
7.91026146648951 7.69177710098109 5
10.2249367976052 4.18689476531825 1
-2.90195314647131 12.0206206945785 3
-4.91202084781103 10.6296180395492 3
-0.753000185503288 -3.65533269363561 0
-6.04258982898168 2.38850842994533 6
9.04306919811793 4.70536314529262 1
-3.91723577739172 -6.52940715271153 2
-4.60709254504614 -7.06666434723058 2
-5.61690299273901 1.95335971397243 6
0.352601423249916 -5.39498341995397 0
-2.192417786135 -7.97139419037023 0
-2.09944967986517 -6.70418799835362 0
-5.16801230670385 2.03361712974391 6
-5.66138856173925 10.6456206945785 3
0.270643129335121 -5.65665114837804 0
-1.22076050998144 -6.48995078521886 0
-1.49030546904974 -4.28113044220128 0
-3.37413327456884 -3.84731186348119 2
-4.54951874972753 10.8260196356185 3
-4.2955581402915 -6.74663175064244 2
7.99389012096949 7.06302486938319 5
8.32564480541773 7.9142335562118 5
-4.94950740100317 10.5866798071273 3
6.49488289593287 3.64877282661281 7
10.1956418299539 4.08211885970912 1
9.08003552197047 2.92284666580043 1
-4.19191519977026 10.7238763479599 3
-2.0945243096488 -2.97410620170751 0
-3.07641975642614 -5.2341114373795 2
0.0990911567074816 -5.13608230072179 0
8.50171597240992 4.32349001449428 1
-2.63943593264989 -7.92686379867711 0
-0.120191915570422 -6.3341680856339 0
-3.40505640269689 12.2943957952865 3
-5.51294724704198 -7.19033921676793 2
5.5000699305398 0.40254007858119 8
-5.85892836810522 1.50368355792842 6
9.10826046703883 4.35629593414149 1
-2.47636263133459 -8.05424226242223 0
-4.81073157550268 -6.026789316713 2
-5.44717328311376 -6.88143504577794 2
-2.48791424991064 -7.1149355264298 0
-1.83619527579717 -8.03635228592076 0
-2.75498788119726 -5.05268586593785 2
9.51440270184107 3.89177643340907 1
-4.87071959735326 11.592499127806 3
-4.74169509173803 10.3298877386459 3
-1.05260638953619 -5.19953120666661 0
-1.98608319522314 -6.13866437393346 0
-4.53773562671117 -4.96710074859777 2
10.0890248560769 3.00367485565028 1
11.0983336710794 2.87983905357203 1
-1.14871160746984 -6.02592433410802 0
-1.19951479197912 -7.58169616180577 0
-3.43396322490148 11.7046941427597 3
-2.94934646846227 12.4389642385849 3
8.37130482433863 4.13210951370082 1
8.31248409985133 7.20573507827601 5
-4.92608706714086 -2.42060554939427 4
-3.80849544764928 -6.94454444366612 2
-4.69792668582372 -1.95701158958592 4
8.12998516796656 8.37182079833827 5
11.1709731364114 2.47930633109889 1
-2.466907188906 -2.69799960571446 4
-5.51382081271581 1.7199432758697 6
10.5587695383889 2.9966858534225 1
-3.84046785594396 11.6681941656478 3
-2.23105423213415 -3.04141987281957 0
-2.38323633433752 12.542829862059 3
-5.40268294574194 -0.409900435983324 4
-3.98003880740575 -6.25013030487218 2
-5.29186885119848 -5.62237704712071 2
-1.47827415229253 -4.87151778656163 0
-5.12499873401098 -4.88250554519811 2
-1.87662796737127 -6.13315833526769 0
-0.540152058615013 -5.09395230728307 0
11.3058675074441 2.67323051971278 1
-6.01072375537328 1.63283597511134 6
-0.12023894363515 -5.34632314163365 0
8.84328778027125 3.93322550338588 1
0.484869554029183 -5.63948882537999 0
-6.39106528521947 2.13315402549586 6
8.58155186413355 3.4021977095016 1
12.2469037318093 3.60898195785365 1
-0.111072227968498 -4.29032147842565 0
-0.0173027968543013 -5.85459388214269 0
-3.3226553654807 -4.43590701538243 2
-3.10749380351476 11.4809249548324 3
-4.95956151248388 -7.95996297317662 2
-5.14508216144018 -0.923889467298174 4
-4.34431903125219 11.536666264952 3
-2.7675720906394 12.1052592901596 3
-2.38762681247167 -7.60350049453893 0
-4.35427014590673 11.1765006689437 3
0.183800026164726 -5.86423219162145 0
-3.65997354747228 11.4807256369003 3
-4.54937617541723 -4.95418036895909 2
-1.86728994609289 -7.98111690002599 0
12.5663131022317 3.57176338714442 1
-5.3401023602622 -0.9887455793015 4
12.1597016596658 3.52187978309474 1
5.47737391232081 0.566089799822187 8
8.15676338909693 7.85154568237147 5
11.9815209650857 3.04430614990077 1
10.3732331538064 3.86745034736476 1
-0.749261066927238 -6.39624799209752 0
-2.92356579066686 -7.56953395324864 0
10.1467860483987 3.32843815368495 1
-6.02481190921239 1.15854774993739 6
-3.31037299395971 -6.95617927032628 0
7.86144287823267 3.61341058296046 1
-3.08301059962682 -6.25689471679845 0
8.08065827129908 4.79019485992274 1
-2.50488178492956 -7.72867072540441 0
-4.9589874005454 -5.27167857605138 2
-0.484079644693657 -5.4296475740067 0
0.101936920867638 -6.38663161712804 0
-4.81871192218237 -0.105549987211013 4
9.15630657909937 2.41075359863124 1
-2.59163515330724 -6.74861110168614 0
11.3606618189675 3.64615594428859 1
-3.9877447343009 -2.99622405487218 4
8.21696980236598 8.13936268371425 5
-1.28304819823675 -7.28945888000646 0
-6.77142970324926 1.99186288398585 6
-5.30142323733739 -1.54882372337499 4
8.73470337627955 2.822486987532 1
-5.59523217441015 -5.16694892364659 2
-3.78695885898046 11.3521073965438 3
-3.43276254893713 11.07486664337 3
9.32070286511012 3.35760795158229 1
-2.22395722629003 -7.93390048462071 0
-4.18078391314916 -6.17563451248326 2
-3.26238839389257 -3.84176505523839 2
-4.54236476184301 12.0439866690048 3
7.99927551983424 7.04514156860194 5
-4.27208583117895 -5.79805911499181 2
10.5874722742898 3.52498160880885 1
10.4603942179544 2.12193500083766 1
-2.09559075595312 -7.62935841995397 0
-5.47367684604101 -4.65799869018712 2
-1.28988902331762 -6.79006780105748 0
9.70958740948267 3.2504438070663 1
-1.20572762252264 -4.24416697937169 0
-0.823947534574791 -5.50082934814611 0
-0.315627739443107 -5.0264116616837 0
9.02102406261988 3.96829306167445 1
8.30423290966578 7.42308556121669 5
8.58682854412623 4.34260736984096 1
-2.06704680682592 -6.60638297516027 0
-3.5522879815238 11.4571775106796 3
-5.54621808291845 10.3880637792953 3
-3.8012418007987 11.4768813757308 3
-3.29199950457983 11.8068765310653 3
-5.31083600284032 -5.68242133575597 2
8.40820534466334 8.35541473907313 5
-5.56826035739355 10.8294776586898 3
12.6267112040383 3.68064796012721 1
-2.33118598224096 -6.70536912399449 0
11.8943360590798 3.09191142600856 1
12.366591765867 3.25096999687037 1
-1.57778112651281 -6.28180516678014 0
-5.46945874453954 -5.129253038942 2
-4.66155736209325 -6.35817111450353 2
-2.96640412570409 -7.72149909454503 0
-3.97704427005224 -4.12593806701818 2
8.48414738415308 5.39684235137782 1
8.58883316753932 5.00373732131801 1
-4.2687231755393 -4.86065019088903 2
-4.03901045085363 -5.59111751037755 2
-2.17928759814672 -2.64635599571385 0
-4.5821677899497 -6.04603589492955 2
7.82286055325098 3.54280721229396 1
-5.41880099536352 2.11834298652492 6
9.04781754253932 2.40647517722926 1
12.6125272059304 3.66487990897975 1
-6.69109170199804 2.0987800268539 6
9.0054991984231 2.51150785964808 1
-4.28685776950292 -6.34207118469396 2
-0.58779276968412 -4.72718633133092 0
8.73798401592799 5.14196669143519 1
-3.85216371776037 -5.68525041061559 2
-3.42907397509985 -6.91141904312291 2
8.69897015331812 2.92461859268031 1
-5.19765965701513 -5.8233562799088 2
-3.74268548251562 11.6202825216659 3
8.57202561138697 6.78628431838832 5
-2.34490458728246 12.3447583822616 3
-5.63814418078832 0.943997135580397 4
-2.91514842273168 -7.19524348694005 0
-4.66097705127172 -3.02118123489537 4
-4.45533435107641 -2.73493588882604 4
-1.80984763862066 -5.25678075271764 0
-2.32763116122655 -5.91113913971105 0
-1.57841794253759 -6.20719350296178 0
-1.14421038390569 -7.25205434280553 0
-0.0448571151631315 -5.71584666687169 0
-4.2487093663352 -6.44506228881993 2
-0.514251009239479 -5.35246337371984 0
-1.23574988604955 -6.40295279937902 0
-6.11279551745824 1.67646311801753 6
-4.98033826114111 -2.38896192032018 4
-2.81927411319189 -7.767831453859 2
-1.50496177436285 -6.61804259735265 0
-3.96931330920629 -2.75175107437291 4
-0.535895333303734 -5.97139705139318 0
-4.99663893939428 -6.5297075601212 2
-5.07866923571996 -1.77803815323033 4
-3.90679304362707 -3.72172273117223 2
-0.500278577818199 -5.23004497009435 0
-1.31828884841375 -4.69616187530675 0
11.0212691569192 3.8266841081985 1
-1.17806153060369 -6.00762380081334 0
-2.83974401713781 -7.40860188919225 2
-2.36006324054174 -7.83505929428258 0
-4.73680369616918 -0.074562402247572 4
-6.23178164721899 -6.27280486541905 4
8.97415478466578 4.19309841674647 1
-5.36551539660864 -5.10771239715734 2
-4.51054208041601 -1.41882492023625 4
-5.88524167300634 1.9711047319778 6
-4.88137070895605 0.49913226646266 4
-3.98447649241857 -7.63177836853185 2
0.21908076046534 -4.6984988542191 0
10.3493932032449 2.79238854926906 1
-5.92589061023168 1.96688376945338 6
8.75040943859644 6.5618828443893 5
-1.6061335063117 -6.61841691452184 0
-3.29271070720129 11.7991365103134 3
-2.74356953860693 -7.13513625579991 0
-1.58054606677465 -6.615092882692 0
8.2272017741067 8.25819908660731 5
-0.425253138555809 -6.71016276794591 0
-6.26668088199072 -6.46505988556066 2
-4.32259242297582 -2.74701226669469 4
10.6455987238748 2.83101522010646 1
-1.08121125461034 -3.94232381302037 0
-0.65851067067556 -7.4622312875382 0
-2.6268033242362 -5.44066632705846 0
-2.22983281375341 12.610640874327 3
-0.0992358966308077 -6.99644339996495 0
8.93345768688746 3.49123274368129 1
-3.19275419475011 -7.03721488433995 0
-1.69565586806707 -4.73010505157628 0
0.0526573055846254 -6.57528985458531 0
11.6893237376077 2.70203339141688 1
0.09883151887484 -4.17807687240758 0
5.49026711224146 0.462115159452772 8
-0.60404746295385 -6.46701205688634 0
-6.19002310992651 2.28521739524684 6
-2.20825092555456 -6.24962056595006 0
-3.47052209140234 12.1631854681381 3
-2.39524810077123 -7.10909903961339 0
-6.79924933673315 1.42408465427241 6
-1.47029332877569 -6.82092154937902 0
-0.971669719232841 -7.43885243850865 0
-2.58269445659093 12.1803706793197 3
12.3879702830178 3.44736110252223 1
6.46514160870142 3.8042493967422 7
7.99947865246363 6.71962486785731 5
-2.29405634166174 -4.65201104599156 0
8.34960777996607 4.40578733962855 1
-1.1769137835639 -7.63047231155553 0
-2.21755997897558 12.4838212637313 3
9.45522625683375 3.31550108474574 1
-3.71387688876562 -7.45276750045934 2
-1.65651218654089 -7.67332948166051 0
-3.20443408252172 -6.30485690551915 2
-4.74667279483251 -7.29593575912633 2
-4.17124192477636 11.4816125540145 3
-4.2630440449851 -6.54486955124059 2
-1.10938577414922 -3.50687397438207 0
11.1450837397439 2.86603795570216 1
-4.2246762967246 -1.13663996177831 4
-3.28753273250036 -6.73026431518712 0
-4.15167300464086 -1.01009626108327 4
-0.245451421155258 -5.6710068078629 0
-4.75260274173193 -7.79726994949498 2
7.96054108379908 6.92480217498622 5
8.26333077190943 5.70026384872279 1
-0.536802188171669 -4.06368673759618 0
-5.40419833423071 -1.6270444484345 4
-1.58735577823095 -6.35822308975377 0
11.5175288462503 2.5661758093246 1
10.9724066996438 2.26478349250636 1
11.8534291529519 2.78423296493373 1
-4.77377764941625 -0.364653074919367 4
-0.386148378862663 -6.707528719484 0
11.2560885691506 3.52540074867091 1
-2.48574464084081 -5.75936044174352 0
12.080606772886 3.86683069747767 1
5.47515614269801 0.440128913343763 8
-3.30049173594884 -5.41626609283605 2
8.81452782391139 2.67193495315394 1
-2.41284076930456 -5.04914821106114 2
9.26374562023707 4.38474642318568 1
-3.01329509974889 11.2456267980941 3
10.7604983591897 3.81981669944606 1
-5.00141827823095 -5.49111808258214 2
-2.93702451945715 -5.29127372223058 2
-4.19078175784521 -2.03570581394353 2
-5.83095614673071 2.22826992553554 6
-3.05059592486791 -5.48003877121129 2
-5.41216246844701 -7.11620677429357 2
-4.20957581759863 11.5743039755233 3
9.35092766521998 2.6351066736587 1
-2.62474028827123 -7.96927798706212 0
-0.221190676702782 -7.18781531768956 0
-3.69846694232397 -2.59762299972692 4
-4.37839762927465 10.6267484335311 3
-4.24013201953344 -5.67011750656285 2
9.07654793499537 4.5307000784286 1
10.3265813135964 3.25029026550136 1
6.72417195080347 3.6380375532516 7
-4.76278226138525 -4.83870948272862 2
9.34718830822535 3.18036543411098 1
-4.86536328555517 -0.81526906210103 4
11.968886687742 2.66809665244899 1
-4.86548058749609 -2.54685724693456 4
-0.166970292715951 -5.58722175079503 0
-5.95527760745458 1.80271433872066 6
-5.26257817508154 10.284939160765 3
-2.11971812011175 12.5990489630111 3
-5.61359898806982 10.5707143453964 3
8.39106018780299 4.88688265365443 1
-4.43310229541235 -6.09712422805944 2
0.329796149717049 -4.16549743133702 0
9.43826992748805 4.36746346038661 1
10.5537713312966 3.67852794212184 1
-6.03658120395116 1.80742346328578 6
-1.287756965174 -6.47202743011632 0
-3.37712280513219 -4.80416549163976 2
-3.91985552073888 -4.82681477981725 2
-4.41339080096655 -5.24800933319249 2
-4.11223499537878 -5.91211236435094 2
-3.89725248576574 -7.28944648224034 2
-4.58137528659277 -0.794620642244005 4
-4.08273832560949 11.9424070028671 3
-1.00311873914175 -4.96557677704015 0
12.5349562907083 3.69076239150844 1
-3.81302611590795 -2.3501535745255 4
-3.78367082835607 -6.07026256042638 2
8.29428513287135 5.25882183593593 1
-6.76676671267919 1.58833836597285 6
-3.38819925548009 -5.98127330261388 2
8.06658108471461 3.77395569366298 1
-1.82738618613653 -6.92133677917638 0
-2.80753295184545 12.0358232168563 3
-3.41134016276769 -1.27702558952489 4
-4.84053389789037 11.3625510839828 3
8.60886891125269 7.1716855673202 5
-5.14015595675878 -5.94361461120763 2
-5.83303849460058 1.67467330974422 6
5.45775587795802 0.433026066244459 8
-5.92655389071874 -6.69870532470861 2
-0.152194153195842 -4.09181488472142 0
-3.94992415667944 -6.86949170547643 2
9.51099045513697 3.48372994941554 1
-0.271893159164711 -7.05726111847081 0
-0.356308326734825 -3.96089089828649 0
-0.80114059211187 -7.5849119516007 0
-5.25036875964574 1.5653293041595 6
-4.25448910952978 -6.54840911346593 2
-4.32584111453466 -6.55357755142369 2
-3.6791178441184 -3.00774730163732 4
-6.07059590579443 0.33684377950511 4
-3.48459045649938 -6.05594600158849 2
8.9617684626443 7.46826349777064 5
-3.54344956637792 -7.77891791778722 2
-0.755773112787529 -4.59537089782872 0
-3.62007014514379 -4.26292813736119 2
-4.61491553546362 -2.88006318527379 4
-0.643536314977928 -5.7123509736649 0
-4.79121129275732 -1.9722101779572 4
-0.948860332979484 -6.46728433090367 0
-3.46964328051977 -5.38039172607579 2
-5.51880662204198 1.19849931281886 6
-1.84283320666723 -6.2166291566483 0
-4.74213282824926 -2.03431559520879 4
-0.475480571998878 -6.16911662536778 0
8.90884716747828 3.17688547653041 1
8.08071072338648 8.19209324401698 5
-4.67460601092748 11.3926480917343 3
10.922442748533 3.48229037803493 1
11.3827346110208 2.92481552642665 1
-5.48037783862524 -0.393500337182665 4
-1.00173853398733 -7.10514033752599 0
-4.41428010226659 -5.18846238571324 2
-0.696787343038841 -6.87679398971715 0
0.127504541860298 -4.89114964920201 0
-0.373937324299141 -6.15517390686193 0
0.370875790105538 -5.00567925888219 0
9.29725105999537 2.98891650718532 1
-1.75541620017461 -6.60885776001134 0
-3.65396039248876 11.6530555395492 3
-2.91086737872533 11.6616414694198 3
-4.36212889911108 -4.77180398422399 2
9.10954029797144 3.87317406219325 1
-2.36664907695226 -7.78975881057897 0
11.2089093470437 3.50807224792323 1
8.27110607861109 8.23684631866298 5
-5.51928584338598 -6.11221040207067 2
-4.67501275302343 -2.49871743637242 4
-0.185508397086187 -6.38546575027623 0
6.35743458508082 3.70848714393458 7
-4.53213326693945 10.8972781805404 3
10.8029883646829 3.17539249938807 1
-4.53871266604833 10.5559581426986 3
-4.09130160571508 -3.05457771736302 4
-4.21316497088842 -6.13289512115636 2
-3.99083440066747 -7.41166461425939 2
-3.67632310153417 10.9183925299057 3
-1.94927613498144 -4.57419408279576 0
-5.96915213824682 1.56880401653132 6
-5.04296462298803 0.596641710222578 4
-4.26668421985082 -5.79715980011144 2
-4.36838595630102 11.5763085989364 3
-3.94165317775182 -2.99484241920629 2
-0.348286241902633 -4.39879477935948 0
-2.7176601147788 -5.0250221582047 2
-3.8367790436881 -5.72015727478185 2
10.1301816248757 2.71581279319606 1
-3.38670603991918 -3.08783949333348 4
10.8334143900735 3.83118163627467 1
-0.859460101141258 -7.22913087326207 0
11.1593659663064 3.60906111282191 1
-5.38747946978979 -1.60410297828832 2
12.6109259867532 3.75491916221461 1
-2.84315364123754 11.8968709616073 3
-2.9890166974204 -6.9905549378983 0
10.7671521448953 2.10687624496303 1
8.21739132641383 4.64701925796351 1
-5.14387528659277 10.5815595297225 3
10.5088637614114 2.03761874717555 1
-1.42064778567724 -7.51623929458776 0
-5.57143656970434 1.58729898017726 4
-3.31875245334081 -7.50717652755895 2
-5.433948204531 0.456675162733412 4
-4.93654601336889 -5.37802566009679 2
11.9071276926858 2.62021433395228 1
-5.00646989108495 0.087274348557806 4
-5.12232510806493 -1.93020511585393 4
8.49498970745631 5.02134024185023 1
-3.84264318705968 11.4959634451278 3
-4.1842037892478 10.8334401754745 3
-4.01919953586034 11.0163806585678 3
-2.02707509757452 -7.12971604782262 0
-3.33124391795568 11.8025087026962 3
10.2939618372781 4.01000248473964 1
10.0861991190774 2.22497879546962 1
0.0964816206557314 -3.79560888725438 0
8.2374556803567 8.24727093261561 5
-2.02611546279363 -6.76590884643712 0
-5.1084882474082 0.0941100029357433 4
-1.54440431357793 -4.86104691940465 0
-4.15169684649877 -0.846227774202013 4
-4.40155141116552 -2.71445430236974 4
9.5570824885232 4.38744913619838 1
-0.51478947760038 -6.70490277725377 0
10.4245456004006 2.85003482383571 1
-4.5757037854331 10.7947391180404 3
11.9815858149392 2.87469612640224 1
-2.95294039012365 11.7290424017318 3
11.0493720316751 2.12438260597072 1
0.258701249347405 -5.3191214891068 0
7.97409565685816 7.24150883239589 5
-2.75759594203405 -6.65859139877477 0
9.74387009380885 3.43143307250819 1
-0.810900912298485 -4.57851279693761 0
-6.18386618853979 1.41446088832698 6
11.5708010935647 3.33408080619655 1
0.23962102769442 -4.81344617324987 0
9.53620369671412 2.80802547019801 1
-5.62106864215307 -0.25730575042882 4
-4.36533133746557 -1.34920562225499 4
-5.10967938662939 -5.3875013681046 2
-6.097682163729 -6.764169344484 2
-0.20989715368919 -4.97519315200963 0
-0.84504859210424 -4.9158068986527 0
-4.45085732699804 -1.35630465465703 4
-4.79819600345068 -6.15117801147618 2
10.0320151591165 3.68483363670192 1
-4.35383002520971 -1.43365050274053 4
-5.32676522494726 -2.12450219112554 4
-1.14285795451574 -5.54100955444493 0
-1.89515785933904 -7.81331647354283 0
-2.98182360888891 -7.66019357162633 2
-4.13192932368688 11.0737489370712 3
-5.19060437442236 -0.0262960137716771 4
5.47079165218897 0.431675961435652 8
-4.44958369494848 -1.37602091747441 4
-3.05198375941686 -7.18362010437169 2
-0.382948414100929 -6.34995187240758 0
-1.44894377948217 -4.51141513305821 0
8.11580593823023 7.27686058563075 5
-1.65077666999273 -7.0876761766068 0
8.3591073298318 5.15383612197719 1
9.13090927837916 4.5467928556808 1
-5.65398518802099 1.44445084613643 6
-1.86106400252752 -3.45584381538548 0
-5.77634017230444 10.6221889166244 3
8.80804474590846 6.66093050521693 5
9.06115467785426 4.38846241515956 1
0.410339429364876 -5.74142898040929 0
-2.32196776629858 -4.13369382339635 0
-3.04423086406164 -3.57848275619664 2
-5.95848862887792 -6.58870280700841 2
-3.02099029780798 11.9558709768661 3
-4.45651738406591 -1.89660716968694 4
-4.33952347995214 -6.17558444458165 2
11.2216313624246 2.35693275016627 1
-5.28393046618871 1.39687322658381 6
0.344852461801247 -5.71542943435826 0
-2.67786471606664 12.1440871862777 3
-0.574851111187263 -5.34449256378331 0
8.16209919689723 7.4288786558517 5
-4.73332564593725 -6.86207068878331 2
-1.24785845042638 -6.8233677240006 0
-0.704718575491234 -6.88337529617467 0
-4.88601510287695 -4.92047036605992 2
-3.56323449374609 12.0496133474716 3
-6.18602673770361 0.907397022665358 4
-5.08804909945898 11.2028669027694 3
-5.18719641925268 0.530215075434065 4
-6.17636124850683 1.78759931606135 6
-1.53193633319311 -4.71614850479283 0
-5.45568053485326 10.8209661154159 3
-3.50252096415929 -4.75258649307408 2
6.58486540554591 3.73262368720851 7
-1.98563532592229 -3.80932749229589 0
8.82110722302027 3.13294731658778 1
8.37049801586695 8.04983555358729 5
-4.57660023929052 10.7349523214706 3
-3.763946459307 -2.5963579507462 4
-2.355090782656 -4.25042737442174 0
-1.67616383792333 -7.93053067642369 0
-5.57515303851537 1.98279582542262 6
-0.282778710736557 -7.24956000763097 0
-5.49722115756445 0.539811065615034 4
-6.53582827807836 1.89909421485744 6
7.99944336651392 3.67064272445521 1
-4.67516677142553 -5.08203900772252 2
-0.122505367411896 -3.53564871269383 0
-5.10668198825292 -1.2441223950974 4
8.23872025250025 8.39004932922206 5
8.87015469311305 2.75964342635951 1
-1.90080075026922 -7.42544520813146 0
8.97946388958521 4.12309156936488 1
-5.00265757800512 -1.08089811521688 4
-4.82105605365209 -5.73454345184484 2
-5.30494801761083 10.4356387762435 3
-3.92744343043737 -6.04057706314244 2
-2.0402657246726 -7.2777510972611 0
-4.79776971103124 11.6852897314437 3
9.48116810558863 4.08579861205897 1
9.08885319469996 4.06091009658656 1
5.43964035748072 0.4656702784904 8
-4.88174693347387 11.9598907141098 3
-0.0258612415330847 -6.07692445236363 0
10.998892142759 2.59043251556239 1
-2.85507957698278 -7.4929119439713 0
-4.40256230594091 -6.61355174499669 2
-3.51949589015417 -6.56465543228307 2
-0.901044712080284 -7.33200896698155 0
10.0704062723977 3.02098261398158 1
-3.20137994052343 10.8834146170028 3
9.12090332745142 3.14949356597743 1
-5.68935458423071 1.80645739120326 6
11.8217299723489 2.67596971076808 1
-3.94645659686498 10.6076511053451 3
-5.45672671557836 1.06383215469203 6
10.2327845835549 3.96318518203578 1
-3.37210337878637 -7.73852456527867 2
-4.8533555722373 -5.97126306015172 2
9.98406441448756 3.12227975410304 1
8.04951126812525 5.44736277145228 1
-1.86883084536962 -8.04809058624425 0
8.23042137859889 6.39222084564052 5
-5.00587336780004 -3.78620136696019 2
0.163839414106087 -6.31605447250524 0
8.63952095745631 3.89573513549647 1
-5.23166243792944 -7.21693480926671 2
-1.79806785346441 -6.2185036035172 0
-2.62983124019079 12.2775205282577 3
-3.46744959117345 10.6772588400253 3
-5.14381186725072 -4.97036803680577 2
-2.87556593181066 -4.00175655800023 2
-0.894158825887962 -6.61470235305944 0
-4.64038436175756 -5.80292094665685 2
-6.8095905041831 1.41271709483943 6
0.367108776555733 -4.47567428070226 0
9.37862999676295 4.75394093078456 1
-3.28305141688757 -3.97988999801793 2
-3.77235738994054 -5.88849461990514 2
10.3691876673562 2.59919630569301 1
-3.12483756305151 -4.99412597137609 2
-3.82140938998632 -2.86836517769017 4
-2.39118187190466 -8.13852370697179 0
-2.69764559031896 -5.48299420791783 2
-4.21527020694189 -2.92720306831517 4
0.0188876086337129 -5.87054837661901 0
8.14220459698267 7.8698319105514 5
-4.09340064288549 11.8289655355819 3
8.21493942974635 7.79718386215053 5
-0.960309193147941 -5.34342969375768 0
10.1238597178323 4.70468603652797 1
11.2143004679544 3.78838931602321 1
10.5713752055032 4.13961493057094 1
-2.11941020251684 -6.1912499757401 0
-1.2874044633048 -5.79402459579625 0
8.43921025036402 5.84546886962733 1
-5.20414941073827 -6.92658818679967 2
-4.88707272769384 -4.95446599441686 2
-2.16100518466405 -4.68722403961339 0
8.25565941570826 5.57246576827846 1
-4.76525180102758 0.205742946089125 4
-5.42012851001196 0.592666020811415 4
-4.90945212603979 -8.09823335128942 2
8.24704964397974 8.42720924896083 5
-4.84098689319067 10.8356670050033 3
-3.26103870631628 11.3472961096176 3
-5.61671607257299 1.98253928703151 6
-5.7502471661704 -6.22437394577184 2
-4.08685176135473 -5.82008708435216 2
-3.74004380465917 10.8927863745101 3
-4.12812392474584 -4.84015096145787 2
11.2580178522927 2.4513326792129 1
-3.03099505664281 11.320643773497 3
-0.983124837889 -6.09166730362096 0
9.70152218578883 2.59384976905665 1
-2.95454780818395 -6.45994533020177 2
-3.52972261668615 -6.49829495865026 2
-2.13859002353124 12.6224912313827 3
10.5370963358743 3.63277398628078 1
-6.35222069980077 1.29310809654078 6
-0.933079466833397 -6.90833104568639 0
-1.497105286135 -6.01354945617833 0
9.43009789227076 2.77639209312282 1
-4.02786199809484 11.488495221556 3
-1.56983272792272 -4.55818952041783 0
-5.49758355380468 2.05302440208278 6
-3.7034143662589 -6.14545739608922 2
-4.76563899280004 10.436065068663 3
-3.31461159945898 -6.96215737777867 0
-1.46432142020635 -7.57479442077794 0
-5.81831233264379 2.29471837562404 6
-5.94887749911718 10.4594072012313 3
-4.6723343587058 -1.83489085155644 4
-2.82094518901281 11.9080375341781 3
-3.39657037021093 -3.62575853782811 4
-1.29480187655859 -6.95105851608434 0
9.70431549786158 3.93825613540492 1
-4.63739077807836 0.16883908790431 4
-0.580962554230018 -4.17345822769322 0
-2.56716243983678 -7.14425672012487 0
-0.698776171221062 -4.34207309204259 0
-2.67667357684545 -5.92714084106603 0
-3.32150404216222 11.7842048315414 3
-3.15017764331274 11.2843450216659 3
-1.9456075883048 -2.47496236282506 0
-6.20685355426244 1.93232380431972 6
-2.08970634700231 -3.62062729316869 0
8.44858296154566 7.66864620727382 5
0.223048820481972 -5.91871465164342 0
-0.0890100008385618 -5.66455615478673 0
-3.94611136676244 -4.93433106857457 2
-5.03327958346777 -2.4791613908402 4
-6.39808957339697 1.03799342197261 6
0.147870942340569 -3.88438428360143 0
-2.982860729708 -3.34647501426854 2
-4.10130707980566 -6.11474812942662 2
-4.61061780215673 -1.54290343242803 4
9.38890011547633 4.91723572295985 1
-4.722362682833 10.7877648977645 3
-4.429722473635 -6.95508635955968 2
-3.17363397838049 -2.56422198730626 4
-3.66969554187231 -3.74360478836217 2
-3.98087851764135 11.82389008087 3
-2.16267053843908 -6.00394929367223 0
-3.76037637950353 12.1238416342147 3
-3.06088273288183 11.6556390432724 3
6.33897812603541 3.67713223975978 7
-4.96480672122411 -1.76942242103734 4
11.2437585139138 2.6796430258163 1
-6.20637767077856 1.62847553771815 6
-0.253503509475513 -7.10366691070714 0
-3.02478592158727 11.7114213613876 3
-4.56079833270483 -5.59222806411901 2
-4.2446901059287 12.0442804006942 3
-4.56241433383398 -6.93557370620885 2
-5.33817498446874 -6.86170066314855 2
8.46225579021998 7.82545696777186 5
8.97131283520289 2.50645696204982 1
-0.322136760367676 -6.2675849290482 0
-4.60501162768774 -6.61999953704991 2
-0.458122417940422 -4.84834159332433 0
11.4177239680154 2.59605156463466 1
-3.21557776690893 11.0163568167099 3
-4.68791119815282 -5.67164672332921 2
0.0944423818451921 -3.61392200905004 0
-2.25820986987524 -3.13302744346776 0
-4.56027571917944 -1.42278457599797 4
-6.72863929034643 1.85972117465816 6
-6.32154147387914 2.13117062133632 6
-1.36781434775762 -6.60004247146764 0
-1.72797279120855 -2.65372599083104 0
8.26301987408228 8.4216388372787 5
8.21446354626246 8.51639973205409 5
11.7751200938088 2.92272316497645 1
8.12688477276392 8.00743423980555 5
-4.60169999362402 -1.17378164249578 4
0.17458487986155 -6.22746194320836 0
-3.27225701571874 -7.03328479248204 0
-3.82278172732763 11.4566882757553 3
-2.00795047046117 -5.45476687866368 2
-3.64112035991125 -6.75639451461949 2
8.31559593914576 6.59065424484096 5
11.9394105219705 3.04954825919948 1
-4.28619305850439 -2.73446238952794 4
-5.19478814364843 1.02500378173671 4
8.30759938000269 6.88455521148524 5
-4.22808043719701 -2.75175560432591 4
10.0187533640725 3.21325646919093 1
0.271931781755165 -4.25143969970861 0
-4.90219323398046 -0.577592769443178 4
-2.98270480395727 -3.35243595558324 2
-1.47775106192998 -6.21340573745885 0
-5.70252482654028 1.06312190574489 6
8.22901947735377 8.03556858581386 5
-3.20119182826452 -5.69886840301671 2
-6.71023528338842 1.31961916965327 6
-5.73640410663061 10.783193936766 3
-1.65708963633947 -5.17477286773839 0
-5.24648778201513 10.7090734152206 3
7.91319115398951 4.60342537444911 1
-3.91161029101781 11.2421497015365 3
9.28713066814967 3.04071747344813 1
-1.46938090087347 -6.65884173828282 0
12.2120593333108 3.56907021087489 1
-2.203155443682 12.6252673773178 3
-1.304806873812 -5.07521594482579 0
-2.30271761180334 -2.32420266586461 0
10.8429673457009 3.26338111442409 1
-6.30019585849218 0.733143439710951 6
-1.07089631320409 -5.37070859390416 0
-6.32907216311864 1.31965827030025 6
-1.77159433127813 -4.36277640777745 0
-4.21450917483739 -0.631522306977892 4
9.52380688427515 3.75660645049891 1
-5.09064166308813 -0.544209459602022 4
8.7348979258401 6.69961439651332 5
-1.81290285350256 -4.91805184799352 0
11.7326606058938 2.92942725700221 1
-4.29078690768652 -4.25704539734044 2
-0.204169177128597 -4.15100921112218 0
8.25622875927515 4.76755129379115 1
7.88377220867701 7.68329178375087 5
-3.986274168505 -2.55102933365026 4
8.35172207592555 8.00970493835292 5
-3.61076562167577 10.7400287298568 3
-4.21160475970678 -1.68975914436498 4
-2.44213573695592 12.325315823973 3
-5.11882321597509 -4.95504630523839 2
-6.65468518496923 2.09374939483485 6
0.379871978746132 -4.44931138473668 0
-2.35525362254552 -5.73891128021398 0
-4.20349042178564 -2.53826440292516 4
-3.33193795443945 11.4334720281967 3
-4.17812697650365 -2.64817036110082 4
-1.05430094958715 -7.36038983780065 0
8.37879116772242 6.80345522445521 5
-4.6285979008811 0.10687742215476 4
9.1920979761941 2.3058727888473 1
-2.66119925738744 -6.89960397201695 0
-0.669285521520897 -5.46034730392613 0
8.64548046825953 5.60141836685023 1
-3.67564480067663 -7.50473559814611 2
-4.84185425998144 -4.88371814209142 2
8.13107331036158 7.21328150314174 5
-4.06792251826696 -7.59343541580358 2
-5.33644120456152 -5.02482951599278 2
9.01867325542994 3.67158853095851 1
-4.23228661776952 11.7937940267929 3
-0.506740764393135 -6.24810613113561 0
-5.1116334653037 11.8242381719955 3
-5.28263442279272 -6.35155070739903 2
-2.79400746585302 -7.39329827743688 0
-5.24083630801611 -0.191394375442648 4
-4.06322471858434 -6.10678447204747 2
9.06212265728541 3.08338581603847 1
-6.52704875232153 2.28694426101527 6
8.1134846949441 7.94736801666102 5
-2.55517403842382 -7.27618230301061 2
11.7976983332498 2.99489437621913 1
-3.6208435750144 11.6263393072494 3
10.866814925657 3.64141522926173 1
-2.48976270915441 -4.51843989807286 0
-4.27411620379858 -6.30467999893346 2
-3.87196962596349 -2.63623584228673 4
-1.67360799075536 -3.05913914161839 0
-5.1807252621787 -5.10078538376012 2
-4.93970076800756 0.655575385511732 6
-5.69727771045141 -0.0839696207932473 4
-3.77688281299047 -4.93585742431798 2
-4.53520934344701 -0.448669085084581 4
-4.82290570498876 -0.334327423750544 4
8.87297852276392 6.74832569640956 5
10.0035765910012 2.91570936721644 1
-3.83124415637426 -5.46112788635411 2
-2.88795892955236 -4.40265716034093 2
-5.88272063495092 -6.95839656311193 2
-2.75813333751134 11.8045257238754 3
-5.04024045230322 -2.7568222375504 4
-1.49571387530737 -4.27551234680333 0
-4.09914891482763 -2.81883467155614 4
-3.42426316501073 -5.09207166153112 2
10.8000720286233 3.1753705648788 1
0.309711887822823 -6.15347445923009 0
-5.62750737430029 1.64443790000758 6
9.45939476727076 2.70882545989833 1
-4.70658747912817 11.243848195494 3
-4.03057758571081 -2.89145053344884 4
-0.299659908427521 -6.05462230163732 0
-4.87008158923559 11.94742523712 3
-1.03083340884618 -5.2279816957108 0
-5.05313985110693 11.412700047911 3
-4.79974095584325 -6.89209092575231 2
-1.38400380374364 -7.52620614486852 0
-3.49073188067846 11.3283980993637 3
-5.3726951336997 -5.3440557809464 2
-3.62859432460241 -4.58255685287633 2
-5.01528708697729 1.73660837692103 6
6.6774118685586 3.79958306831203 7
-3.77070872546606 -4.12470663505712 2
-2.11157147647314 -6.46403230148473 0
-5.07847134829931 1.3889012245544 4
8.34668095348902 7.44946085494838 5
10.8248837733132 2.16224133056483 1
-2.4557131981986 12.2573522238143 3
8.96001465557642 4.17763411086879 1
11.0137999796731 2.16571651977382 1
8.30001766918726 5.32774912399135 1
11.1816151881082 4.24326120895228 1
-2.7445782876151 -2.03910852390447 0
-3.03601925136022 11.0242456106552 3
-4.29529301883154 -4.85312570053258 2
-1.77177397967748 -7.23710359054723 0
-0.790068969740196 -7.30972541290441 0
9.61712010143824 2.59983336013637 1
8.18838627575465 4.99146162551722 1
-4.82807271243505 -0.541780242501879 4
8.95011360882349 3.91570030731044 1
-1.42578105689458 -4.59579003769078 0
8.42661793469019 8.27024208587489 5
8.74524052380152 6.75278269332728 5
-4.04985325099401 -2.47122848945775 4
-0.859205946935936 -4.61195386367955 0
-5.04309575320654 11.2614778189071 3
-1.15932266475134 -6.64625895935216 0
-1.76507239104681 -7.38940108734288 0
-5.45606820346288 -1.24403525310674 4
-2.98581998111181 11.7463096289047 3
-2.21444694758825 -5.62594712692418 0
-0.878343985094353 -5.25332892852941 0
-5.21740643741064 -5.7564183564774 2
-0.577311173691078 -6.02549756485143 0
10.9079383158547 3.25348626655421 1
-6.11197106601171 -6.62604583221593 2
-5.9115864491599 -6.64238322693028 2
11.7517751002175 3.27221762222133 1
-1.62929706336431 -6.48135531860509 0
0.225472166524605 -5.0574494691483 0
-4.44742123843603 11.3740857748397 3
-5.31090228320531 -4.98429358917394 2
-3.79557244540624 -5.45369399505773 2
8.98370392559596 2.93916832488856 1
-0.811121389879509 -5.79701007324376 0
-4.51999346972875 -4.67008126693883 2
-5.65762011767797 -5.29245723205724 2
-4.13078109980993 -0.833606013833666 4
8.1918652796609 7.63333879989467 5
10.6746409678323 2.05407773536525 1
12.5549233698709 3.75371157211146 1
9.79187233685084 3.36795913261256 1
-3.49755351306371 -6.84189666229405 2
7.88917572735377 7.55467258972011 5
-4.62930886508398 11.8026345877059 3
-2.26809708835058 -7.6267911286942 0
-2.85875575305395 -6.33186782318273 2
-5.60959832431249 0.975417962492323 6
-1.13580094338827 -6.65697205978551 0
11.734563186155 3.08343397659144 1
-2.07922689677648 -6.19441331344762 0
-1.55541889430456 -5.38003123718419 0
-1.91821496249609 -6.45723975616612 0
-0.988175258650108 -7.62370933014073 0
-3.56422250033788 -2.48704589325109 4
-0.512481853975578 -7.07224000412145 0
-3.65447323085241 12.1179832128891 3
8.05004341839381 7.80610310119472 5
-4.43465583087377 12.2119268087753 3
9.28401024578639 6.9219206480392 5
-4.45082776309423 -5.82990659195104 2
-2.60396401645116 11.9623082785018 3
-0.36699153543882 -6.45093882995763 0
0.460296823964791 -4.3439108224503 0
-4.05487553836279 11.3785499243148 3
-4.43116919757299 -6.8834205957047 2
-3.83962361575536 -7.10591805893102 2
-3.99636308909826 -6.31137813049474 2
10.457092597471 3.3325742391952 1
6.38462479351588 3.73076259178004 7
-6.73189942599706 1.46867059749446 6
8.80746395824976 6.36264597457728 5
-3.75965206386022 -5.45703519302526 2
-3.49166385890417 -7.25212443786778 0
-6.40921656848364 1.86559115928493 6
-1.15008704425268 -6.04135430771031 0
-1.97877590419225 -6.11146701294103 0
8.72505028484889 7.41244494003138 5
-3.29291503192358 11.4277862219223 3
-4.89133660556249 10.7508176473983 3
-4.27005736590795 11.6691545156845 3
-2.89504830600195 -4.94061196762242 2
-2.50241343738012 -7.72603953796544 0
-5.47399203540258 10.6002544073471 3
-4.33038060428075 11.1680368093856 3
-5.02198903323583 10.6990693716415 3
9.15774471996851 4.28744684738002 1
11.5901635432107 2.93374501746974 1
10.7987139963967 2.51118790191493 1
-4.1536518788474 11.9992545751937 3
8.06594498394557 7.77224861663661 5
-4.62364976169042 -2.9522031636826 4
-1.7373431182044 -5.16295875030675 0
7.91090996502467 3.60325824302516 1
-5.0637294507163 -2.23150242286839 4
-6.58758418322973 2.02087508720241 6
-1.33924524547033 -5.5217353196732 0
-4.36392419101171 11.2517923025497 3
-5.35722701312475 -6.47113145309606 2
8.45189221142359 7.83865486663661 5
-0.5454668259757 -3.84674991089025 0
-6.04734675647192 1.40334962886653 6
-3.61554805995397 -3.10748971420445 4
-1.17666511298589 -5.32815659958043 0
11.3012269282205 3.77495204490504 1
-4.13136951686315 -3.14336121994176 4
8.6144088053567 5.60004602950892 1
-5.46811167956762 -7.08070910888829 2
9.38066513775416 3.74184571784816 1
-1.05821375609808 -5.18421519714513 0
-4.79349725009374 -0.54307747799077 4
9.3903983378274 4.97715221923671 1
-1.38638334037237 -2.89560616928258 0
-2.77947990657262 -6.83055985885778 0
-2.71637694598608 11.8326285986312 3
-5.22790162326269 10.8242686895736 3
-4.77356974841528 -2.56832827049413 4
-4.47001521350317 11.2555898336776 3
-1.59065763713293 -2.61225760894933 0
9.21558315990992 4.25001560729823 1
-4.53129212619238 -6.03102744537511 2
-5.36209647418432 -6.92924560028234 2
-2.86526291133337 11.7500699667343 3
10.9807809138162 3.73597704452357 1
-3.24332492114477 -5.03389657455602 2
-6.17876975299291 1.14707242530665 6
-3.93266432048254 -6.19949592071691 2
11.1857293391091 4.53012453597865 1
-1.90401570559911 -4.17987073379674 0
-1.02637623311452 -6.80068505722203 0
6.00233204601832 3.39156519454799 0
9.75667412518092 4.30317961257777 1
-1.90188185931615 -5.97462762314 0
-2.07326094867162 -5.06273091751256 0
9.58380539654322 4.77379309219203 1
-5.34431330920629 1.96729146522365 6
-5.11923281909399 1.88814388793788 6
8.24150021313258 8.1226886419662 5
-4.40465371371679 11.6850665716537 3
-4.50703732730322 -5.47867930847325 2
6.41197951077052 3.63685642761073 7
-2.80075304271154 -7.23369992691197 0
6.18919546841212 3.54678117317042 0
-5.10579888583593 -2.15177834945836 4
-4.54680173160009 -6.67102111297765 2
-3.09929387332372 11.2924312261947 3
-2.5442449307578 -3.50034845787206 0
-1.59155230285101 -3.83838618713536 0
-2.0207744097846 -7.36457789856114 0
7.89346630810328 7.93149029296718 5
-0.615920797600075 -5.82967627960362 0
-5.39036051989965 -1.48842431026616 4
8.95113785503932 6.98167072814784 5
-3.69947783709936 -5.14810527282872 2
-0.221309975399299 -5.7054625840775 0
8.21757061718531 6.8616064695724 5
-3.89525501491003 -0.846300193845415 4
-3.77038495303564 10.8903049139389 3
-1.71327762366705 -2.69726551490941 0
-2.70211975337438 11.7554362921127 3
12.0280535960061 3.56941997093043 1
9.59035713909693 2.75848042053065 1
8.80471928356715 6.6394065527328 5
9.25564224957057 6.38105427306972 5
-4.87678544284277 -2.31937397438207 4
-5.09999053241186 0.992010822714186 4
-2.81204955340795 -6.07807124572911 0
-4.19264380694799 -0.513127216874742 4
-3.89572350741796 -2.67725718933263 4
-2.30806891681127 -5.07529700714269 2
-0.275580853833481 -6.65836871582189 0
9.54987652538844 3.19220983070216 1
-3.85366599322729 -7.67510570007482 2
-5.15592591525488 0.98979126495204 4
-4.05717293979101 12.1781133322128 3
-5.23664920092992 -5.56689609008946 2
10.7959626459939 2.71521126312099 1
5.49886543987818 0.395292451799726 8
8.97181256054469 2.99936615508876 1
6.55863507031031 3.72639214080653 7
-1.95174662829809 -7.40276492553868 0
-6.59400384189062 1.5006365684875 6
-0.43166945935659 -6.09222520309606 0
0.181250228868202 -3.78736198860326 0
0.0505559289319078 -5.86827577072301 0
10.3423350596292 2.80047213119349 1
-1.10971407653265 -5.71551860290685 0
8.10595448254176 6.09026514571986 1
-5.23863713504247 -5.2191983552567 2
-4.89109818698339 -2.47833813148656 4
-5.05957667590551 10.7035144476303 3
8.44558460949488 5.7110561041244 1
12.0526917719705 3.5609689859756 1
-5.52785317660741 -7.02874673324742 2
-5.34480969668798 10.5086253790267 3
-5.55224292041235 1.77603649181209 6
-2.84815232516698 -3.82122767883458 2
-3.53200285197668 10.9822467474349 3
8.20055706738062 5.46081720870814 1
-0.596208081259056 -3.56680572944798 0
-3.37502066852026 11.3764966635116 3
6.42186243771143 3.74631892722926 7
8.27205879925318 4.67845951598964 1
-3.88007609607153 10.6985953955062 3
-4.02140371562414 10.8438399938949 3
-4.45521037341528 -6.51222241836705 2
-4.30286328555517 -2.73114956337132 4
-2.37871973277502 -7.10163749176183 0
11.1193927073342 2.41473804992518 1
8.6860583567483 6.59735380691371 5
8.76499684094019 3.52602469009242 1
-4.24449364901952 -7.76180280166783 2
-4.43210665942602 -3.83599675613561 2
-2.7621461606162 -6.83266032653966 0
-1.17050199271612 -5.77463496643224 0
8.9082206034524 3.98032318633876 1
9.38712628124781 6.98963724654994 5
-0.289243028177543 -3.80840147453465 0
-1.65495209456853 -4.79730618911901 0
-2.7613567567008 -7.19783986526647 0
-4.59685008288793 -7.14924968200841 2
11.5404160761697 2.46593081039271 1
-3.55189149142675 -5.17405332046666 2
7.17101509808131 3.67777835410914 7
-1.40959350825719 -3.58139003235021 0
-2.58455936671667 11.6877607015975 3
10.9191630625588 2.96096121352992 1
-4.71618430377416 -5.79279721695104 2
9.81740792034693 4.34631763976893 1
-0.265992239727302 -5.58262361007848 0
10.5299828791482 3.88861547988734 1
-5.43286530734472 10.7740539221176 3
-5.2923089718955 1.75217639488063 6
-4.64640824557714 -0.216343166112089 4
10.2334368967874 3.62580811065516 1
0.0517823541028063 -3.44814098793187 0
-6.4326693272727 2.28935848754725 6
8.84282238720484 4.42268454116664 1
-0.225016981972977 -5.13802398162999 0
8.72540028332301 7.43575130981288 5
-3.73303334475927 -5.08882010894933 2
-4.80838744403295 -7.73546136337438 2
9.00536759136744 7.34270988982997 5
-1.93337218524389 -4.92511523681798 0
11.327864005552 2.438702454985 1
-2.20008604289465 -6.10092700439611 0
-5.29872338534765 -0.514896372138643 4
-5.73481290103368 0.647113433302259 4
-1.85294322730474 -6.89929927307286 0
8.1961377405984 5.23763071578822 1
-2.49244444133215 -5.92735589462438 0
-5.00600354434423 -5.57828200775304 2
-4.75382869006567 -6.86371673065343 2
9.43891175030299 2.91551720184169 1
-6.20632951022558 1.5682407526382 6
8.55183060406275 5.32606445831141 1
-2.86898987056188 -7.00751985031285 0
-4.79820220233373 10.6917318014511 3
-5.24074809314184 -7.21518338638463 2
-6.79187457324438 1.70726405662379 6
9.19423611401148 7.24737822097621 5
-3.32106606723241 11.415481915892 3
8.77082379101344 7.3888076452621 5
0.239729448543266 -5.9086366983048 0
-4.61233775378637 11.3968328146347 3
-2.40197889567785 -6.48617566543737 0
-3.93482486964635 12.0966199545272 3
9.28258259533473 2.75949036163173 1
6.46656115292139 3.71506010574183 7
-0.481104270233436 -4.86110175567784 0
-4.30698840381078 -1.04687864500203 4
9.41294224499293 2.44287668746791 1
-2.42503063441686 -4.57469428497472 0
-4.15073220492773 -1.61211038547673 4
9.13469441174098 6.95906721633754 5
-0.253083825721069 -4.62449944931188 0
8.87835915325709 3.11906491798244 1
8.30669052837916 8.46170078796229 5
-5.30914990664892 -5.29439986663976 2
10.2661498331887 2.60354148429713 1
-4.30763928653173 11.2759221701034 3
-0.852334187044426 -5.92613805252233 0
8.49613793133326 5.4130300192245 1
-0.010923758758827 -4.55288089233556 0
-3.33250014544897 11.3492482809433 3
-3.86967031718664 10.7468398718246 3
-3.75892297984533 11.503258099974 3
-4.04195849658422 -4.71244634109654 2
-3.95002190829687 -5.12887681442418 2
-4.48464648486547 11.6929057745346 3
-6.75524108172826 1.65594660323939 6
-4.35752026797704 10.9947036413558 3
-2.02990500689916 -7.92571414428868 0
9.90931446789332 3.8683797029861 1
6.72583563564844 3.55186115783534 7
10.6496766352517 2.8589802889236 1
8.50803597210474 5.7306569723495 1
-0.532961533083244 -5.83226407486119 0
-4.14664475680761 -2.77420366722264 4
-4.92750994922094 10.347348561705 3
11.4107726359231 3.18978082221828 1
-4.31443612338476 11.1226228384384 3
-4.68604104281835 -4.78133500534215 2
6.24278290508814 3.60717116874537 7
7.85385544537135 3.90863215011439 1
-5.73499886752538 10.5941079763778 3
-4.09031836749487 12.1299079565414 3
-3.29582659961156 11.709577908934 3
-1.42455045939855 -6.05813611465612 0
