	Qub.11b	Mtub.21	QuB.26	MIRu.26	Mtub.04	MIRu.10	MIRu.31	MIRu.40	QuB.4156c	ETR.A	MTub.30	Mtub.39	MIRu.16	MIRu.04	ETR.C
22155	6	5	8	7	4	3	5	3	2	4	4	3	3	2	4
23109	6	5	8	7	4	3	5	3	2	4	4	3	3	2	4
23264	6	5	8	7	4	3	5	3	2	4	4	3	3	2	4
23509	6	5	8	7	4	3	5	3	2	4	4	3	3	2	4
24141	6	5	8	7	4	3	5	3	2	4	4	3	3	2	4
24158	6	5	8	7	4	3	5	3	2	4	4	3	3	2	4
24160	6	5	8	7	4	3	5	3	2	4	4	3	3	2	4
5110	6	5	9	8	5	3	5	3	3	4	4	3	3	3	4
7101	6	5	9	8	4	3	5	3	3	4	4	3	3	3	4
7107	6	5	9	8	5	3	5	3	3	4	4	3	3	3	4
7116	6	5	9	8	4	3	5	3	3	4	4	3	3	3	4
7125	6	5	9	8	4	3	5	3	3	4	4	3	3	3	4
8124	6	5	9	8	5	3	5	3	3	4	4	3	3	3	4
8210	6	5	9	8	5	3	5	3	3	4	4	3	3	3	4
8212	6	5	9	8	5	3	5	3	3	4	4	3	3	3	4
8215	6	5	9	8	4	3	5	3	3	4	4	3	3	3	4
8217	6	5	9	8	4	3	5	3	3	4	4	3	3	3	4
8269	6	5	9	8	5	3	5	3	3	4	4	3	3	3	4