	VISTA	CD14	CD163	CD19	PDL1	CD4	CD68	CD8	FOXP3	CD11b	CD20	CD56	PD1	S100A4	SMA	TIGIT
TCGA-CS-4938_1	1740.7174	2756.4506	115.3765	1.2587	15.9429	1106.3562	3104.2584	5.0346	7.1575	424.1661	1.6782	21156.8785	0	15.5234	2.8991	4.1955
TCGA-CS-4941_0	1879.5721	1643.8923	862.3188	8.2816	95.2381	1793.9959	4007.5914	66.5977	19.0062	577.2947	71.0835	9081.1146	14.1477	345.7557	5.0207	13.1125
TCGA-CS-4942_1	3515.5709	3452.5952	502.7682	0.692	35.9862	3229.0657	4582.0069	12.8028	13.5398	713.8408	0.692	15760.4602	6.2284	75.4325	0	8.9965
TCGA-CS-4943_1	1656.4578	2407.7332	424.5488	1.6304	4.239	1178.1067	1959.3809	5.5433	3.9325	368.7901	0.6521	21186.7901	4.239	15.3255	3.714	0.9782
TCGA-CS-4944_1	4015.1305	1433.3628	951.7085	0	9.0783	756.525	2560.0807	49.9307	11.8018	268.8186	2.5218	22748.1377	4.0348	110.4527	1.7551	3.0261
TCGA-CS-5390_1	1410.1324	327.5217	99.3154	0	7.3026	503.8795	725.1483	21.9078	7.8174	83.9799	1.0954	21808.0548	3.2862	20.4473	3.5965	6.5723
TCGA-CS-5393_1	4321.162	1067.5812	165.8261	1.6139	13.3145	1560.2179	2206.98	16.9457	3.6554	576.5584	0.8069	22690.9381	0	16.1388	0	1.2104
TCGA-CS-5394_1	549.013	252.5928	374.0381	2.3419	4.0147	475.7444	360.3212	2.3419	15.915	50.184	0	20998.9562	0	3.3456	1.9772	6.3566
TCGA-CS-5395_0	852.3306	430.9786	136.6247	0.7405	8.8862	739.0321	1062.266	8.8862	15.9507	224.3755	1.1108	13770.2151	1.8513	12.2185	3.8507	3.7026
TCGA-CS-5396_1	692.9979	346.9591	5314.518	0.3068	12.5777	614.4643	2115.1929	8.5896	6.8011	110.4379	1.5339	43501.3881	3.3745	42.0278	4.0126	7.0558
TCGA-CS-5397_0	1598.1183	1340.0538	270.4973	1.0081	53.4274	1211.0215	1885.0806	38.3065	12.2413	623.6559	1.0081	14549.375	2.3522	133.7366	5.0504	1.6801
TCGA-CS-6186_0	1405.3251	872.322	82.2291	0.9907	18.8235	981.7957	1001.6099	1.9814	4.9783	221.4241	0.4954	8710.6576	1.9814	176.3467	5.4885	0.9907
TCGA-CS-6188_0	1853.5262	697.2875	683.5443	1.4467	13.3816	1018.4448	2102.7125	6.8716	6.1881	354.4304	1.085	11876.5461	2.8933	108.1374	5.3382	2.17
TCGA-CS-6290_1	4370.1996	2599.3592	808.2585	2.5864	24.5711	2686.0045	4405.9785	35.7789	6.6213	1152.6843	3.4486	18544.527	6.4661	83.6278	0	8.1904
TCGA-CS-6665_1	4550.7541	5809.8627	208.1003	4.0671	12.8792	3177.4276	4315.2008	47.4496	5.1449	897.1361	3.0503	19883.7689	7.1174	173.191	8.9544	5.0839
TCGA-CS-6667_1	3362.4524	801.6302	421.0153	2.4807	12.4037	916.8069	956.1442	4.9615	6.0742	301.9403	1.0632	20972.2371	0.3544	15.2388	10.2206	1.772
TCGA-CS-6668_1	480.9544	305.752	39.5398	1.3634	6.4764	275.0746	570.2599	5.7946	6.8718	28.9732	0	23483.2825	0.3409	19.0882	1.1726	27.6097
TCGA-CS-6669_0	1927.1734	98.3159	11.3792	1.8207	3.6413	309.0578	267.1825	91.9436	18.4752	125.1707	0.4552	16570.1821	0.9103	2.2758	0	0.9103
TCGA-CS-6670_0	2833.1454	629.0868	60.1278	0.7516	7.1402	247.2755	372.4164	19.5415	9.5415	76.6629	0	24019.8159	1.1274	5.2612	7.2191	9.7708
TCGA-DB-5270_0	1680.5319	1814.5244	249.5738	2.7276	19.434	1073.9857	1486.1916	65.121	10.6887	313.672	0.6819	14981.8104	1.0228	77.7361	2.2434	8.5237
TCGA-DB-5273_1	3007.0452	2589.3079	51.3883	2.4865	13.6759	2162.039	2727.7248	11.1894	7.0742	738.4998	1.2433	15030.746	1.6577	113.1372	0.7957	4.9731
TCGA-DB-5274_1	2163.2184	2879.3103	1362.069	5.7471	0	891.954	2172.4138	25.8621	1.7586	129.3103	0	14220.1149	2.8736	345.4023	3.0287	7.4713
TCGA-DB-5275_1	1562.2761	1075.7311	77.6473	0.3333	7.3315	646.505	1126.7183	18.662	14.2431	189.9525	0.6665	25054.7197	40.9898	27.6598	10.6807	11.3305
TCGA-DB-5277_1	1047.736	907.3359	189.5402	0	9.126	599.5086	1209.5472	8.775	16.7778	81.0811	0.702	13924.8403	2.106	32.994	17.013	0.702
TCGA-DB-5278_1	1155.3421	889.1299	183.7762	2.1694	5.5784	598.7449	1216.3942	29.1315	9.1268	195.8627	1.5495	21094.8261	1.5495	25.7225	3.3873	13.9459
TCGA-DB-5279_1	983.6473	658.818	429.5075	1.3085	15.3746	801.4419	732.4198	42.8526	9.565	242.7224	1.9627	24486.5538	2.2898	116.4544	2.3945	55.6103
TCGA-DB-5280_1	1182.5599	1432.7573	568.12	0.3509	10.5272	1116.5892	1681.2001	7.0182	6.0216	353.3643	1.7545	24095.1768	1.0527	11.9309	6.1444	6.6673
TCGA-DB-5281_1	1564.6232	1302.7234	830.1842	1.473	20.9166	947.4352	1437.6504	20.622	6.8701	180.5901	0	22665.1505	3.5352	63.9283	5.185	5.892
TCGA-DB-A4X9_1	2062.0762	637.4544	6.2598	1.0433	7.8247	865.4147	1224.8305	6.7814	16.8284	405.8425	0	30451.1946	2.0866	5.2165	3.2447	12.5196
TCGA-DB-A4XA_1	1553.8377	1699.0613	241.8553	0.5522	6.6262	948.095	2281.0602	27.6091	9.4754	167.8631	2.7609	18214.9586	2.2087	51.3528	10.4307	22.0872
TCGA-DB-A4XB_1	1193.4145	738.8569	22.4869	1.6062	6.4248	581.9837	880.7389	17.6683	6.4463	327.1316	2.1416	20325.7931	4.2832	20.3453	0	4.2832
TCGA-DB-A4XC_1	2629.2278	675.8137	857.6899	3.829	5.1053	1262.9228	2040.2042	25.5265	9.6362	423.7396	1.2763	17277.2623	2.5526	63.8162	3.9119	3.1908
TCGA-DB-A4XE_1	2054.9504	780.2683	18.2947	1.3721	8.2326	734.0742	1147.9914	7.3179	10.5789	336.6222	0	19968.0804	0.4574	5.031	6.2522	5.9458
TCGA-DB-A4XG_0	1032.8164	128.7414	18.3916	0	9.7367	220.6996	317.3458	7.9336	6.1522	48.6837	0	25581.4713	0.3606	3.9668	3.6423	0.7212
TCGA-DB-A4XH_1	2047.1919	291.9829	37.5328	1.1039	2.7598	353.2496	271.5606	14.9027	11.7621	52.4355	0	18305.1138	2.2078	13.2469	1.8822	7.7273
TCGA-DB-A64L_1	1995.4823	881.7247	313.7084	1.3922	14.386	646.9075	854.8089	42.694	28.1224	101.1663	10.6735	14185.0253	7.8891	96.0616	1.9166	8.3532
TCGA-DB-A64O_0	2220.0638	1079.5236	43.2852	0.5215	6.2581	1019.5501	1634.4092	15.6453	13.8826	342.6314	0	13204.6127	2.086	90.2211	0.9961	1.5645
TCGA-DB-A64P_1	1771.6933	1173.1255	917.0177	0.8425	5.0548	949.4524	1666.8071	6.3184	11.9082	137.7422	0.4212	18789.5198	2.1061	32.8559	7.8559	3.7911
TCGA-DB-A64Q_1	809.0041	423.3733	127.5863	0.8205	2.8717	439.3729	866.8487	1.641	19.6302	142.7654	0	21297.348	0.4102	5.3332	8.1311	22.1533
TCGA-DB-A64R_1	870.155	928.7791	75.0969	0	1.938	321.7054	563.9535	4.3605	21.6473	68.314	0	25027.1609	2.4225	5.3295	2.7326	3.3915
TCGA-DB-A64U_1	1075.5658	632.5278	14.9597	0.7672	4.9866	592.6352	881.8565	3.4522	5.7883	227.4645	0	17993.3372	0.3836	8.4388	2.267	7.2881
TCGA-DB-A64V_1	1949.714	2036.9051	270.2061	0	11.2226	1523.6862	4076.8318	76.8318	6.0818	296.9677	2.1582	15055.375	11.6543	98.4137	2.7452	17.2656
TCGA-DB-A64W_1	511.9893	82.1492	7.1048	1.7762	3.1083	150.5329	204.7069	22.6465	8.0551	19.0941	0	14888.4547	0.444	2.2202	1.5275	0.444
TCGA-DB-A64X_1	1599.2939	736.8554	120.5397	0.5044	3.5305	580.0025	646.0724	11.0957	3.0311	125.5832	1.0087	15367.4946	1.0087	110.957	0	3.5305
TCGA-DB-A75K_0	1905.9759	3477.6597	705.1168	1.5713	22.3909	1252.7117	3718.46	1.9641	17.5827	250.2281	0	17867.6953	8.6421	32.9971	1.2806	1.5713
TCGA-DB-A75L_0	2677.0397	988.6296	218.6316	1.9948	7.1813	1119.4893	1561.141	11.9689	6.0842	315.5795	0	24254.215	0.399	27.5284	0	2.7927
TCGA-DB-A75M_0	3510.4584	1816.6444	222.5189	1.7802	4.4504	1254.1166	2468.6248	3.5603	15.5007	506.008	0.8901	20813.2755	0.445	30.2626	10.4183	9.7908
TCGA-DB-A75O_0	7883.2845	2335.4839	238.7097	4.1056	9.9707	2024.0469	3551.9062	5.8651	8.8328	868.0352	0	18167.2551	0.5865	52.1994	15.5718	3.5191
TCGA-DB-A75P_0	2540.528	851.3201	75.4979	0.4632	41.2228	757.295	1259.8425	98.6568	14.1593	317.7397	1.3895	18320.0278	4.6318	119.4998	0.7226	3.7054
TCGA-DH-5140_0	1399.2223	943.6163	334.7375	0.324	10.0454	572.9099	897.6021	64.1607	5.5768	145.4958	0.9721	16593.059	1.6202	70.6416	6.617	1.6202
TCGA-DH-5141_0	1631.5938	1501.8336	427.6446	0.7522	6.0179	1035.449	1231.0296	5.2656	6.5031	75.2233	1.1283	14816.4852	5.2656	75.5994	7.3493	4.8895
TCGA-DH-5142_1	3286.8919	5809.9466	623.6072	0	5.0729	3156.4453	3003.5329	25.3646	9.1276	819.2771	2.5365	14178.951	3.2612	191.3217	6.7579	9.0588
TCGA-DH-5143_1	2446.3471	1629.7764	19.4422	0.3739	19.0683	1547.1472	2349.1363	12.3383	3.3949	556.7188	0.3739	18134.4911	1.1217	31.0327	0	4.1128
TCGA-DH-5144_1	555.1331	575.4119	54.8162	0	5.3866	495.564	778.2003	6.0203	25.4119	56.0837	0.6337	23691.6572	0.6337	18.3777	1.4037	5.3866
TCGA-DH-A669_0	622.5029	1377.6344	555.7768	1.9222	21.6929	827.6241	2425.4823	12.9059	42.7871	95.2839	3.5697	14528.5234	8.787	96.9314	16.6019	12.3567
TCGA-DH-A669-_0	1031.5333	1876.2318	139.5349	14.19	0.7883	716.9886	1489.1604	3.5475	9.9921	112.3374	0.3942	12800.5203	3.9417	74.1033	13.4726	7.4892
TCGA-DH-A66B_1	2977.2998	3591.7096	2043.5805	0.8348	7.9306	2370.4031	2577.4325	18.7829	2.1079	536.3564	5.0088	17928.4037	3.7566	137.3239	2.6797	4.174
TCGA-DH-A66D_0	2435.1852	2547.4537	77.5463	0.7716	14.2747	1792.8241	3324.0741	10.0309	10.1505	579.0895	0.7716	20607.3457	2.3148	38.5802	2.3997	9.6451
TCGA-DH-A66F_1	1512.5414	440.6058	421.6753	0	5.2059	546.6162	1073.3554	8.0454	4.7989	74.7752	0.4733	21076.8623	1.893	91.3393	3.0951	16.0909
TCGA-DH-A66G_0	1683.9587	1999.3475	1464.2741	1.3051	49.5922	1063.1865	1427.7325	38.2817	12.2806	350.1903	0.435	18889.1049	20.8809	74.8233	5.9685	9.1354
TCGA-DH-A7UR_0	1321.09	445.1027	28.436	2.7646	2.3697	416.6667	394.9447	14.613	46.1019	59.2417	0	12467.188	0.3949	37.1248	0.6951	3.5545
TCGA-DH-A7US_0	1156.1743	820.4197	81.1138	1.2107	4.4391	495.5609	1226.3923	5.6497	10.6255	149.7175	1.2107	21257.2397	0.8071	38.3374	5.7345	23.8095
TCGA-DH-A7UT_0	2946.8515	1332.7556	18.4864	2.3108	7.5101	879.8382	1915.6557	5.777	4.0612	401.502	0	18826.424	3.4662	67.0133	22.3108	2.3108
TCGA-DH-A7UU_0	2441.1126	1094.7414	335.9409	0.8692	9.5611	1103.4333	1391.5689	4.3459	11.369	390.6997	0	23749.1612	0.8692	14.7762	2.3772	0.8692
TCGA-DH-A7UV_0	3535.4488	2457.7029	412.7294	0.3811	7.622	1757.2442	2559.8372	2.2866	7.6906	432.5466	0.3811	19317.7464	4.9543	7.622	5.2515	5.3354
TCGA-DU-5847_0	1193.6185	5239.4577	3032.2822	1.1984	30.8591	1640.3266	3130.2524	62.9166	24.8311	769.3806	4.7936	11898.144	14.9802	240.2816	2.7354	18.875
TCGA-DU-5849_0	965.3488	888.6807	378.7769	0.9127	12.4738	704.6164	1553.4418	35.5959	5.5402	106.4835	3.6509	19713.8698	1.5212	60.8477	13.782	4.2593
TCGA-DU-5851_1	2781.3765	453.1039	177.1255	0.6748	12.1457	846.4912	1181.1741	23.2794	5.4318	432.861	0.3374	20683.0027	0	20.5803	0	3.3738
TCGA-DU-5852_0	1424.7104	2273.7803	273.7803	3.51	32.643	1403.2994	3575.6406	27.378	5.6476	731.4847	1.404	15179.7016	5.967	200.7722	2.9063	6.318
TCGA-DU-5853_1	2892.8468	1758.3518	281.8908	1.5404	14.6337	1794.936	1979.7824	60.0751	18.4038	646.5775	4.2361	18380.1675	8.8572	151.343	7.1551	12.3231
TCGA-DU-5854_0	1646.813	1043.4122	117.7923	2.2799	26.9782	1768.785	4085.1145	53.5765	6.148	539.185	2.6598	15580.2109	6.0796	140.5909	1.0905	4.5597
TCGA-DU-5855_1	3855.2052	2658.1892	1071.8888	1.3564	16.6158	1631.4005	2164.4625	14.2421	4.076	584.605	0.6782	25214.8966	3.391	45.1	3.3469	3.7301
TCGA-DU-5870_1	2072.6876	689.4421	251.8626	1.4538	6.5419	971.1067	1720.8795	6.9053	16.9471	274.7592	0.3634	31879.1859	9.8128	20.3525	6.0658	59.2404
TCGA-DU-5870-_1	705.5852	1012.5304	473.628	0.3885	1.5542	440.9908	737.0568	12.0447	12.6663	50.1214	1.1656	20444.4876	1.9427	54.3953	3.0617	1.9427
TCGA-DU-5872_1	2443.7933	8575.3863	5461.9073	5.8604	63.9318	5497.6026	12367.0751	302.0778	131.9659	3103.8892	11.7208	11154.2355	82.0458	2122.536	3.9425	96.4305
TCGA-DU-5872-_1	1614.5038	2596.4608	2297.016	0.694	30.5344	1299.4448	1870.229	21.5128	3.8446	440.6662	3.4698	20882.2172	3.8168	106.5232	1.3151	6.2457
TCGA-DU-5874_1	551.6739	400.5822	138.8646	0.5822	8.1514	360.4076	550.2183	7.278	34.9665	80.0582	1.4556	19446.8413	0	16.0116	1.7322	4.9491
TCGA-DU-6392_0	2161.6577	2635.6525	1837.2444	5.2148	3.568	1429.3948	2679.2919	31.8375	9.2686	243.7217	1.6468	14494.2994	9.0572	84.8086	1.7675	6.3126
TCGA-DU-6393_1	758.3	230.2028	321.1471	0.5167	4.1338	330.1899	371.5282	6.2007	35.4812	61.4908	0	39260.4082	1.2918	7.2342	2.4441	3.8755
TCGA-DU-6394_1	581.9623	344.1031	158.0443	0.2643	43.8718	397.4893	1515.1635	2.6429	13.0902	106.5081	0	20330.8358	1.5857	26.4288	10.5372	1.3214
TCGA-DU-6395_1	1358.6016	5739.1918	105.9059	1.0486	15.7286	1274.0167	2698.6784	9.0876	5.2953	348.1264	3.1457	19834.0283	46.4868	49.283	1.7791	9.7867
TCGA-DU-6396_1	5602.0715	5545.2723	16494.153	2.6729	19.0444	3393.585	5191.7808	47.1099	8.4631	764.4504	1.0023	26280.1938	9.6893	219.1781	9.6525	8.0187
TCGA-DU-6397_1	700.734	705.2288	428.8007	173.498	3.5958	1056.7195	939.8555	16.1812	7.322	41.8013	2.2474	14050.9257	1.3484	55.2856	0	3.5958
TCGA-DU-6397-_1	2786.1446	1138.1777	875	0.753	6.0241	747.3645	1132.9066	15.4367	17.7297	57.6054	7.1536	24358.7462	3.012	42.5452	0	14.6837
TCGA-DU-6399_1	2956.7255	1728.6348	229.0115	0.3348	11.0488	1967.021	2689.8803	11.7184	10.4796	544.0696	1.6741	25524.4697	3.0133	45.8693	2.404	3.3481
TCGA-DU-6400_1	831.8729	561.6101	113.0887	0.2738	12.322	537.7875	846.1117	21.0843	35.0301	69.8248	0.8215	22352.1002	6.0241	36.4184	1.2952	4.3812
TCGA-DU-6402_0	1393.1682	5800.1094	2248.3804	1.9247	226.1533	1736.0872	3014.0937	143.3908	17.0754	600.5091	0.6416	5079.0301	22.7757	861.3071	15.0576	12.5106
TCGA-DU-6403_0	1130.7928	1565.6592	1164.0823	3.8546	12.2646	1465.4402	4141.2177	17.5208	9.1704	479.7197	0.3504	19357.2808	10.1621	140.1664	0.5642	3.8546
TCGA-DU-6404_0	1452.4138	534.8966	358.8966	12.4138	9.6552	738.7586	1094.6207	35.3103	7.5503	259.8621	0	14514.5821	4.9655	178.2069	10.5407	35.8621
TCGA-DU-6404-_0	129.7264	126.9597	245.6194	0.3074	0.3074	217.3378	323.0864	11.3741	4.3222	7.0704	0.3074	1297.3563	0.3074	12.6038	25.3704	2.4593
TCGA-DU-6405_0	1070.2777	1177.9225	88.1042	1.3713	60.336	897.4974	1785.396	11.6558	6.3216	477.2026	2.7425	15766.8564	2.0569	191.6352	8.6596	1.0285
TCGA-DU-6406_0	1143.435	1221.8419	611.6988	11.5121	144.0572	901.0579	1110.1431	18.3572	5.6285	307.094	0	8171.5339	5.6005	241.7548	6.453	1.5557
TCGA-DU-6407_1	863.4747	2813.4063	2030.643	1.9152	6.2927	1384.1313	2384.9521	6.8399	3.8714	225.9918	0	10411.5841	8.2079	80.1642	9.1026	4.9248
TCGA-DU-6407-_1	2724.3816	1449.9411	39.2619	2.7483	7.8524	1055.7519	2368.669	1.1779	6.7413	301.5312	0	22577.1928	1.1779	10.9933	2.7758	1.9631
TCGA-DU-6408_1	2900.7603	1289.6218	65.9623	0.79	23.699	1180.6063	1829.5645	8.6896	3.9893	507.949	0	18121.9157	1.9749	31.9937	1.9552	4.7398
TCGA-DU-6410_1	332.038	76.7259	51.9223	0.6614	2.9764	182.5548	193.4684	5.2914	7.9868	9.26	0	27951.322	0.6614	2.315	9.9545	0.9921
TCGA-DU-6542_1	1978.8711	1803.8032	374.2831	1.2074	34.2087	1809.0351	2974.1423	11.2687	2.4429	722.8091	0.4025	24876.1002	2.4147	115.907	0.8693	5.6344
TCGA-DU-7006_0	1625.7176	2960.3904	2132.6062	0.287	214.1217	2139.4948	3867.3938	52.8129	8.7457	986.5098	2.2962	7238.3065	9.1848	394.9483	1.4696	10.907
TCGA-DU-7007_1	1331.6733	4189.243	2476.7596	2.324	19.9203	1614.8738	3043.4927	67.3971	5.8167	449.8672	12.6162	17572.6494	6.3081	253.3201	2.8884	8.3001
TCGA-DU-7008_1	1141.5489	787.5458	184.4584	2.8781	6.2794	447.6714	720.3035	15.6986	7.9853	164.8352	0	26796.1512	1.3082	10.4657	5.2407	3.4014
TCGA-DU-7009_1	893.6298	334.4351	33.6538	0.3005	8.113	371.3942	509.6154	16.226	14.6274	94.351	0.9014	24068.4826	0.601	9.0144	7.9778	1.2019
TCGA-DU-7010_1	1779.6866	1048.2218	219.4093	0.3014	6.0277	700.4219	899.9397	9.343	4.8433	178.7221	0.3014	10883.6407	0.9042	92.827	22.5286	3.6166
TCGA-DU-7011_0	3155.1571	2982.7771	666.5613	4.1401	20.3243	3099.0771	3000.8431	25.5935	4.5654	760.6552	1.8819	18308.0371	1.5055	126.8386	1.2571	12.044
TCGA-DU-7012_0	2311.5244	5022.2517	1618.7313	14.6131	113.2514	3672.8662	6588.5088	170.3753	107.3032	1273.3311	53.8027	11358.2763	18.5985	354.3673	5.6626	113.2514
TCGA-DU-7013_0	1091.702	710.1151	289.5215	0.7268	91.5809	1035.4936	2468.5645	315.4452	10.5536	350.0909	0.2423	16608.9255	9.9334	141.49	5.742	6.2992
TCGA-DU-7014_0	2441.8526	1100.6743	1336.5769	1.2271	7.3624	1001.8958	1154.665	14.7247	4.9543	261.3641	0	19926.0358	1.5338	92.3364	2.0737	2.1474
TCGA-DU-7015_1	3119.3367	1963.5771	121.4095	4.1457	28.4276	2139.769	3241.9307	21.0246	6.8434	785.3124	0.5922	26921.8833	2.9612	50.9328	5.878	7.6991
TCGA-DU-7018_1	729.021	270.4795	199.0509	2.4975	5.2448	372.8771	368.6314	0.999	10.1274	40.2098	0	33625.6044	1.7483	20.979	6.1513	7.4925
TCGA-DU-7019_1	1741.7927	1575.0678	419.6409	1.3311	16.6392	1281.2193	1892.8768	21.2982	3.6706	342.435	0.6656	23672.6401	5.9901	56.5733	2.3295	4.3262
TCGA-DU-7290_0	2332.0579	6363.2648	383.034	1.9345	34.8213	2382.6777	3293.5119	65.4511	11.778	1035.9328	1.2897	7706.3084	17.0882	256.6457	3.2564	12.2519
TCGA-DU-7292_0	1138.6139	251.6768	73.1396	0	19.4826	394.1233	654.7429	40.5621	5.4807	158.7352	0.9582	16217.314	1.9163	31.2999	2.9927	3.1939
TCGA-DU-7294_1	1017.7673	437.8143	98.8937	0	4.0228	436.8086	833.054	8.7161	7.4221	111.2974	1.0057	23058.9105	1.3409	12.7389	10.1576	8.7161
TCGA-DU-7298_1	1614.6949	950.215	395.0725	0.5831	15.7446	981.7042	2072.1627	10.4964	7.0821	377.5785	0.2916	21151.6525	1.1663	9.9133	0.5132	0.8747
TCGA-DU-7299_1	2201.8742	913.5207	44.4444	1.071	9.3708	1223.8286	1925.8367	6.9612	4.8273	558.5007	0	18520.2838	0.2677	15.7965	4.2303	5.3548
TCGA-DU-7300_1	1009.018	848.8459	161.4958	1.6547	18.8632	673.4508	1441.5488	44.3452	19.727	147.2657	3.3093	16622.2255	5.6259	76.4458	0	4.964
TCGA-DU-7301_1	1296.669	4254.3373	1098.5427	0	25.3296	1757.4601	3362.9424	2.7759	6.6412	349.4101	1.0409	17189.8959	5.8987	83.6225	3.1783	8.6745
TCGA-DU-7302_1	935.5828	185.4124	59.6455	0	12.9516	423.3129	591.3429	21.4724	9.7001	136.3327	0.3408	20563.9502	0.3408	11.5883	1.7723	2.045
TCGA-DU-7306_1	1802.933	812.0491	969.6393	0.9512	41.2208	867.5386	1551.8034	5.7075	2.8633	233.373	0.3171	25934.3417	1.2683	22.1958	0	1.5854
TCGA-DU-7309_0	2026.2221	897.7015	190.6766	0.9712	16.1865	973.4542	917.449	34.639	12.4603	464.5516	0.6475	18849.5986	1.6186	66.0408	2.7031	3.2373
TCGA-DU-8158_0	3052.3571	3046.2053	5035.9077	3.4771	50.5517	1742.8285	3174.5904	144.7008	35.9933	699.4316	4.012	13711.7379	18.7228	234.5704	0.5296	16.3156
TCGA-DU-8161_0	3092.3123	2487.5908	2370.7627	2.4213	49.0315	2386.1985	3447.3366	106.2349	33.9346	675.2421	5.7506	9387.1943	27.5424	120.1574	7.273	43.8862
TCGA-DU-8162_0	974.4066	540.2483	79.0607	1.0136	41.8954	598.3613	908.1848	53.7208	9.9096	281.1048	1.6893	19965.9228	1.0136	40.8818	7.9331	1.3515
TCGA-DU-8163_1	3156.5641	1691.6842	81.2919	4.8775	23.5746	1679.8969	2969.1863	13.4132	6.9627	862.1005	0	19406.1018	3.6581	36.5814	1.4754	9.755
TCGA-DU-8164_1	585.0938	318.204	102.3496	0.8366	12.5497	321.8295	533.2218	11.4341	15.9074	81.9912	0.5578	22362.2478	0	5.0199	3.5753	2.5099
TCGA-DU-8165_0	1273.2733	3068.3183	1185.4354	2.2523	16.1411	1863.3634	2471.4715	109.2342	42.8904	674.5495	9.7598	4471.1149	8.6336	277.027	11.1562	21.021
TCGA-DU-8166_1	1320.2294	2253.3692	130.0875	0	40.2954	721.8269	897.6037	13.326	3.8296	385.5032	1.5864	23659.2818	24.4311	28.8731	3.9566	5.0766
TCGA-DU-8167_1	2364.148	7102.8661	373.5279	1.6675	9.5883	1506.618	3007.8166	13.3403	3.7686	561.9594	0	16304.6462	12.5065	84.2105	2.8431	2.0844
TCGA-DU-8168_1	632.665	310.2357	243.8738	0.2345	15.0076	310.2357	469.6916	10.5522	26.5049	28.6083	2.8139	24338.1381	0.7035	17.5871	7.3537	1.1725
TCGA-DU-A5TP_1	1642.4466	10113.711	1415.8456	0.821	106.3218	2053.7767	4554.5977	38.9984	7.0033	833.3333	2.8736	7974.0722	12.7258	194.9918	1.9458	8.6207
TCGA-DU-A5TS_1	3019.6869	872.4229	24.8024	1.8602	0.6201	829.0188	1336.2269	6.8206	8.6932	361.4943	0	13144.3931	0	20.4619	0	1.2401
TCGA-DU-A5TT_0	2779.4635	866.0178	268.6599	0.8639	7.7747	718.73	1413.2719	12.094	14.4999	249.655	2.5916	8574.3145	2.5916	100.2075	5.0406	4.3193
TCGA-DU-A5TU_1	4192.1287	3816.3352	611.0876	1.2696	3.3855	964.8752	2291.5785	11.4262	5.1333	537.0292	0.4232	13961.879	5.5015	228.5231	4.9725	1.6928
TCGA-DU-A5TW_1	1944.6309	1217.5503	301.6234	0	7.9607	731.0609	1447.5271	0.4423	5.3381	253.859	0	17345.1034	1.7691	44.2263	0.9818	3.0958
TCGA-DU-A5TY_0	1128.4635	5395.247	1206.8777	3.5045	21.4653	1891.5781	6254.7366	61.3295	20.0285	701.7851	0	7881.6209	27.5983	810.8641	2.8387	7.4472
TCGA-DU-A6S2_0	1571.2378	228.8513	65.8949	0	15.5833	206.5895	662.5111	26.2689	15.9305	152.7159	0.4452	21341.3624	42.7427	20.4809	20.1158	6.2333
TCGA-DU-A6S3_0	914.9149	281.2813	24.024	0	5.005	425.4254	390.3904	15.5155	16.8068	107.6076	1.5015	18242.027	0	27.5275	31.7718	2.002
TCGA-DU-A6S6_0	923.4083	267.5921	11.4888	1.4361	9.0953	289.1336	386.7879	32.0728	18.1331	117.7597	0	20137.8554	0.4787	15.3183	26.4002	4.3083
TCGA-DU-A6S7_0	3026.0748	2878.3472	267.7829	1.2772	37.8898	2358.959	4888.2091	2.1286	8.5742	590.059	0	21625.7319	0	13.1976	5.6622	1.7029
TCGA-DU-A6S8_0	557.8947	437.7193	15.3509	0.4386	2.193	399.5614	566.6667	7.4561	19.1754	76.3158	0.8772	18721.9561	0.8772	33.7719	12.0833	1.7544
TCGA-DU-A76K_0	1506.4263	261.5795	56.5839	0.6467	8.7301	265.1362	266.1062	37.1837	6.8677	51.7339	0.97	14673.4589	1.94	52.3806	5.0505	2.5867
TCGA-DU-A76L_0	814.2965	2444.7806	3223.525	1.5129	110.8169	1684.5688	4505.295	59.0015	8.7897	541.6036	9.8336	10104.5045	6.8079	526.8533	3.8654	1.8911
TCGA-DU-A76O_0	5349.9022	3282.0159	669.6583	3.2217	1.3807	2246.4619	3150.8457	3.682	8.8459	989.0692	1.3807	18033.6348	0.9205	25.7738	4.6991	1.3807
TCGA-DU-A76R_0	2361.6719	532.1401	1485.9762	0.8731	25.7558	332.6421	765.6881	9.1673	13.8514	184.2191	2.1827	19161.995	0.4365	19.2077	4.8456	272.8364
TCGA-DU-A7T6_0	662.9883	659.7513	294.2691	1.7656	2.3542	1035.533	724.7848	12.3593	12.6065	84.161	0.2943	16528.0247	2.3542	94.1661	7.2802	17.9504
TCGA-DU-A7T8_0	1844.6037	2769.0654	2142.6778	0.72	21.9596	1079.9787	1377.3329	21.2396	9.7774	380.8725	3.5999	20406.9072	7.1999	117.7177	8.1214	6.4799
TCGA-DU-A7TA_0	2170.6923	2357.7523	1502.0522	7.96	2.786	1350.0162	1904.4302	4.378	5.2138	369.344	0.398	19400.3055	5.572	77.61	4.4536	3.184
TCGA-DU-A7TB_0	953.3791	318.034	22.7683	1.4456	2.5298	411.2757	656.3065	5.7824	16.8883	173.8345	0.7228	20406.8377	0	48.7893	6.0246	0.7228
TCGA-DU-A7TC_0	2320.7031	483.9844	167.1875	1.5625	3.5156	559.7656	753.125	41.4062	13.1094	203.5156	0.3906	13117.875	0.7812	11.3281	3.8125	1.1719
TCGA-DU-A7TD_0	1026.805	1942.4989	719.8444	3.0264	56.2041	1472.5465	3773.022	42.3692	9.291	730.2205	2.1617	10155.2832	24.6433	366.6234	14.7471	6.0527
TCGA-DU-A7TG_0	2023.9489	1671.2705	194.0549	2.1804	21.2588	632.3137	614.8705	65.4118	4.9713	267.098	3.2706	11544.805	1.6353	97.5725	3.9901	4.9059
TCGA-DU-A7TI_0	1793.8122	1614.0811	80.0262	2.1865	55.1	1328.9603	2166.8307	16.6175	5.3307	540.9424	1.3119	17967.7402	26.6754	17.0548	4.6704	4.373
TCGA-DU-A7TJ_0	966.2228	1329.3277	39.948	1.6239	22.7347	992.53	1276.7132	13.9656	7.8889	478.7269	0.3248	7766.5086	3.2478	253.0042	2.4391	2.923
TCGA-E1-5302_1	4291.6341	1108.6787	1199.7654	0	13.2916	1241.595	2577.7952	23.4558	5.1173	584.05	0.7819	21473.2525	1.5637	144.6443	2.8812	15.6372
TCGA-E1-5303_1	6937.9238	2879.6924	2024.2856	0.483	13.5242	2578.7786	5358.0054	4.3471	3.8737	1035.5687	0	21262.3747	2.898	33.3275	0.8501	3.8641
TCGA-E1-5304_1	475.4113	257.2359	19.0024	0	1.0557	206.5629	446.2039	3.519	3.8849	32.3744	0	14844.7154	1.0557	5.9822	3.0087	0.3519
TCGA-E1-5305_1	2612.41	1179.448	629.8782	1.7364	6.5115	876.0125	1444.6827	7.3797	3.1385	204.0267	1.7364	22552.5477	4.341	49.0532	8.7992	3.0387
TCGA-E1-5307_1	2966.4121	645.2563	260.2374	0	11.4107	918.3767	1603.0183	11.0426	5.5655	502.4386	0	33932.8389	0.7362	1.1043	3.0698	0.7362
TCGA-E1-5311_1	1900.4245	372.9834	173.8325	0	8.9541	500.8105	561.6364	16.6731	7.5492	79.6604	0.9263	26618.853	2.4701	5.2489	4.8228	2.1613
TCGA-E1-5318_0	1481.572	519.3023	194.0333	9.4008	5.2645	668.2115	959.6375	1.5041	6.825	90.248	0.376	18129.5605	0.376	9.4008	1.365	1.1281
TCGA-E1-5319_1	2044.5783	797.1888	1841.7671	0	3.6145	566.2651	1697.1888	13.6546	5.6426	122.8916	0.4016	20754.5542	2.8112	144.1767	3.6104	11.6466
TCGA-E1-5322_1	2756.4167	3646.591	4120.8879	0.5784	8.387	1342.2023	3050.5386	7.2301	6.9785	614.2723	0	24273.8688	3.7597	31.8126	3.0511	1.446
TCGA-E1-A7YD_0	968.5535	621.2938	585.3549	1.3477	8.9847	428.1222	840.0719	30.9973	13.248	182.3899	0.8985	12582.7358	5.8401	148.6972	20.0135	68.7332
TCGA-E1-A7YE_0	2204.6228	6142.5553	8769.134	1.2904	15.4846	2437.8599	3215.9621	16.4524	5.8842	571.318	0.3226	23048.3281	40.3245	343.2424	10.0489	7.4197
TCGA-E1-A7YH_0	3741.2821	699.3408	75.2842	1.5286	4.968	664.1827	1280.9783	3.8215	5.4189	308.78	0	22979.0236	0.7643	27.1329	5.7973	1.5286
TCGA-E1-A7YI_0	961.6275	736.3546	691.0354	1.654	1.9848	406.8806	1156.4671	38.0417	5.3225	89.3152	0.6616	13294.7271	4.962	18.5246	2.0973	0.3308
TCGA-E1-A7YJ_0	1962.0846	994.6855	4073.9272	2.5383	25.3827	994.0509	3079.8763	45.0543	9.5883	334.1001	0.6346	6819.0751	32.363	307.131	8.2748	5.7111
TCGA-E1-A7YK_0	4304.61	3710.9271	10056.6288	8.1775	8.1775	2557.4977	4217.1113	71.9616	2.8826	676.684	2.0444	14200.2167	13.0839	221.2	5.3358	6.542
TCGA-E1-A7YL_0	2097.0837	2391.7882	10523.0238	5.7559	21.4889	1983.4996	3020.3377	87.1067	19.0714	410.9747	1.9186	8431.3239	42.594	384.881	7.2333	17.2678
TCGA-E1-A7YM_0	3047.0607	213.8115	201.0025	1.478	8.3751	804.9955	889.7319	13.3016	10.6857	172.9213	0	18913.7881	3.4486	62.567	7.242	2.9559
TCGA-E1-A7YN_0	5764.1561	6238.0429	19509.0709	11.5448	35.7339	3522.8147	10458.4937	275.9758	30.1319	528.3123	24.7389	9018.1748	89.0599	335.3491	4.2166	80.2639
TCGA-E1-A7YO_0	1374.4547	325.5066	224.4437	0	14.7383	390.3552	440.4656	18.5282	16.469	50.1103	0.4211	22105.9433	0	16.4227	7.2176	2.5266
TCGA-E1-A7YQ_0	3165.9874	4212.6714	7147.8325	4.0756	45.2019	2578.7329	2894.7758	35.1982	7.4843	909.5961	4.8166	5997.1619	18.5254	1069.2849	10.2186	4.8166
TCGA-E1-A7YS_0	482.4818	159.854	173.7226	0.365	8.0292	252.1898	289.4161	4.3796	17.2993	28.8321	0.365	30672.0438	3.2847	1.0949	5.0438	2.5547
TCGA-E1-A7YU_0	3647.73	808.1768	105.063	1.4262	6.6556	522.938	1135.7262	10.4588	7.6967	283.3373	1.4262	20032.1084	0	14.7373	11.2764	0
TCGA-E1-A7YV_0	1478.1919	314.4896	154.0727	0.4532	17.2199	378.8377	384.7287	22.2046	5.959	96.9752	4.9847	24928.5918	1.3595	133.2276	6.181	3.6252
TCGA-E1-A7YW_0	3630.642	2040.1975	491.0991	0	7.3504	853.1067	2070.0586	4.1346	2.7702	512.2315	0	27615.8907	1.3782	42.2648	8.4162	1.3782
TCGA-E1-A7YY_0	1504.1953	1051.4874	124.3326	1.1442	27.0786	456.9031	952.3265	68.2685	8.8177	314.2639	0	15489.1686	1.5256	28.9855	2.1205	1.9069
TCGA-E1-A7Z2_0	5427.9561	361.809	62.7628	1.6409	8.6145	788.432	452.8766	16.8188	17.0895	121.0132	0	13133.4099	2.4613	12.7166	5.661	1.6409
TCGA-E1-A7Z3_0	3672.4652	1256.9583	720.6759	2.4851	21.8688	965.2087	1081.5109	27.833	12.8777	415.0099	1.9881	12646.2475	0.497	26.839	2.9473	8.9463
TCGA-E1-A7Z4_0	3058.2077	1698.4925	168.7605	2.0938	8.794	1709.3802	2105.9464	4.6064	6.3861	514.2379	0.8375	18011.1809	3.3501	23.4506	3.0611	2.9313
TCGA-E1-A7Z6_0	2436.0301	896.9897	1703.6689	0.4704	30.1035	707.4318	1653.3396	2.3518	9.5202	319.3791	1.4111	21320.588	0.4704	13.6406	1.6087	2.8222
TCGA-EZ-7264_1	577.5012	475.7044	88.9324	0.5593	6.1526	274.9074	514.018	5.0339	19.8895	72.4324	0.2797	25602.5365	1.3983	7.5509	2.7603	4.7542
TCGA-F6-A8O3_0	682.2354	291.5767	29.4276	0.27	1.8898	389.0389	402.5378	9.4492	7.9509	69.6544	0.27	28026.5146	0.54	11.879	4.2117	3.2397
TCGA-F6-A8O4_0	1010.4952	342.7353	64.9393	1.3119	4.9196	494.5884	556.9039	20.3345	6.6612	209.2489	0.9839	17102.7353	0.656	40.0131	5.6707	5.2476
TCGA-FG-5962_1	1539.6825	406.9841	191.1111	0.3175	21.9048	605.7143	576.8254	37.1429	22.2698	163.8095	0.9524	22982.8984	0.9524	35.5556	2.6032	44.127
TCGA-FG-5963_0	508.3026	762.9151	706.1808	10.6089	2.7675	393.4502	715.4059	128.2288	13.5655	56.2731	2.3063	10023.5655	3.69	130.5351	2.1494	1.845
TCGA-FG-5963-_0	2253.8878	2780.9331	1672.4138	12.1704	28.0595	2796.8222	8925.2874	131.8458	29.0838	776.2001	1.6903	14222.62	21.2982	144.3543	2.5659	13.5227
TCGA-FG-5964_1	1798.9353	2392.3014	396.8059	0.819	8.5995	1315.7248	3995.086	19.656	13.8657	153.1532	0.4095	15880.9664	12.6945	154.7912	1.5561	2.457
TCGA-FG-5965_1	1058.4601	185.3612	15.2091	0	8.5551	160.6464	160.1711	61.3118	2.8897	32.7947	1.9011	9737.4192	0	10.9316	0	1.9011
TCGA-FG-5965-_1	3083.3141	956.0735	314.7934	0.3077	5.8466	811.1393	1581.9678	17.8475	8.1022	307.716	2.4617	23352.1902	6.1543	100.3154	4.5665	4.308
TCGA-FG-6688_0	2893.7979	1529.1617	2216.1013	1.8486	18.8557	1559.109	4563.4532	14.4191	13.114	505.0374	0.3697	13080.8799	6.655	214.8073	20.4862	5.1761
TCGA-FG-6689_1	3669.0647	1050.0327	98.4303	1.9621	17.3316	1555.5919	2194.5716	23.5448	2.9823	662.5245	1.308	18545.1897	1.308	35.6442	0.9614	3.5971
TCGA-FG-6690_1	3046.1475	844.2522	564.0709	2.0602	11.9489	1314.3799	2288.0099	13.185	9.1059	679.0276	0.8241	21343.733	3.2963	27.6061	2.5505	4.1203
TCGA-FG-6692_0	740.6039	893.536	814.8361	3.4367	8.5917	592.4831	1637.233	70.1082	8.0831	209.2936	2.7493	7013.251	13.0594	912.7814	2.3335	7.9044
TCGA-FG-7634_1	1244.0422	1806.0332	1346.003	1.81	12.0664	1763.1976	3008.1448	6.0332	7.9035	368.9291	0	22522.2685	4.2232	63.9517	14.0302	4.2232
TCGA-FG-7636_1	2469.1858	678.0666	36.6753	0.4265	1.7058	608.5541	1388.1174	8.1027	7.7871	231.5661	0	18207.2218	1.2794	21.7493	2.1536	4.2646
TCGA-FG-7637_0	1495.8866	254.9887	299.3192	3.1918	1.7732	573.104	506.431	6.0289	9.0044	50.0047	10.994	30500.2336	1.7732	30.4993	8.2313	15.6043
TCGA-FG-7638_1	1159.5837	387.2507	44.2324	0.8673	4.7702	469.6444	609.2801	18.2134	5.2775	135.7329	0	20589.7355	0.4337	52.0382	3.7467	20.8153
TCGA-FG-7641_1	723.8657	155.3848	68.2177	0	8.4219	303.6109	340.2463	23.1603	10.1316	101.9055	0.4211	20748.7946	0	1.2633	9.201	10.5274
TCGA-FG-7643_0	1736.4032	187.8173	145.7578	2.5381	54.7498	687.4547	651.1965	46.0479	8.4409	246.1929	1.8129	16021.7984	1.0877	52.5743	3.7962	6.8891
TCGA-FG-8181_0	1554.2027	348.7824	260.0157	3.535	9.8193	502.7494	419.4815	79.7329	5.1964	149.2537	3.1422	13186.8657	3.535	103.2993	4.3755	2.7494
TCGA-FG-8182_1	3061.5424	1320.2089	73.2689	1.3695	17.8036	1437.9868	2627.065	9.929	7.5974	793.2894	0	20383.7199	1.0271	11.2985	6.2381	1.7119
TCGA-FG-8186_1	2240.9784	1102.7474	1228.1457	0	25.1486	1023.1677	1858.5824	24.1151	13.5423	267.3327	1.0335	26499.6297	8.6125	33.4166	1.7225	5.512
TCGA-FG-8187_1	2568.5535	802.935	27.2537	0.4193	14.6751	825.9958	1025.5765	11.3208	12.6792	329.5597	0.8386	18802.2096	1.6771	12.9979	3.5304	74.2138
TCGA-FG-8188_1	2559.1291	1633.3498	122.7115	2.9688	14.8441	1272.6373	2394.3592	0.4948	2.4839	347.3528	0	18846.3286	2.474	14.8441	0	3.9584
TCGA-FG-8189_0	913.3607	172.8226	15.9599	0.456	16.8719	208.3903	189.6945	90.7433	7.8386	105.7912	0.456	14133.4291	1.368	25.9918	4.902	0.456
TCGA-FG-8191_1	2466.0124	858.2334	774.9909	1.0905	29.0803	1005.0891	2002.5445	25.0818	1.1087	383.8604	1.0905	22179.1894	44.3475	46.165	5.2054	6.9066
TCGA-FG-A4MT_1	1509.8296	557.8855	566.1861	1.7475	5.2425	669.7248	1104.8493	30.581	4.8318	249.017	0	16220.0612	6.5531	30.1442	2.2237	2.1844
TCGA-FG-A4MT-_1	1549.9509	1517.1962	494.5955	0	4.5857	850.9663	1447.1012	0	8.5883	253.5211	0	18362.4042	3.2755	12.4468	4.7953	0
TCGA-FG-A4MU_0	1493.4265	4534.1002	7564.5029	2.4651	36.1545	1799.0961	3051.7666	9.4495	7.0501	429.7453	0	8178.8578	14.3796	244.4536	2.4322	4.1085
TCGA-FG-A4MW_0	1701.3233	540.9864	135.4185	2.7496	7.5614	583.6054	1267.5717	8.9362	3.4439	166.3516	1.3748	15438.5565	1.3748	94.8617	4.2413	3.437
TCGA-FG-A4MX_1	1323.2932	1171.6867	136.5462	0	0	799.1968	802.2088	6.0241	16.5462	170.6827	1.004	13894.4779	12.0482	24.0964	4.8996	4.0161
TCGA-FG-A4MY_1	1220.5661	1960.8106	475.6322	0.6699	4.6893	596.8849	1444.9841	13.3981	6.0559	114.5537	0	20099.7354	2.0097	97.8061	0	1.3398
TCGA-FG-A60J_1	2802.8375	2075.9441	427.2898	1.2518	15.4392	1282.7039	1947.4233	12.9355	14.0204	382.2241	12.101	22382.149	10.4319	66.3468	3.3382	8.7628
TCGA-FG-A60K_1	1648.354	336.1914	27.522	2.1171	2.9639	614.7983	886.2073	5.5044	3.8573	232.0313	4.2341	20896.5513	0.4234	12.7024	5.2207	8.8917
TCGA-FG-A60L_0	6262.8039	4438.6963	120.0207	10.3466	0	1777.0305	3309.3637	13.4506	8.3445	491.9814	5.6906	18002.0538	11.3813	96.2235	3.6627	3.104
TCGA-FG-A6IZ_0	1760.2592	1154.6436	86.3931	0	0.432	516.6307	1228.5097	2.5918	13.9395	114.0389	2.5918	17046.2203	4.3197	35.4212	0	6.0475
TCGA-FG-A6J1_0	3105.8468	1978.3266	78.629	2.0161	1.5121	733.3669	1252.5202	11.0887	3.0292	239.4153	0.504	18647.1472	8.0645	174.3952	0.9022	6.5524
TCGA-FG-A6J3_0	2022.1127	13029.972	999.0675	1.0657	4.7955	1579.326	5401.8916	93.2463	1.6145	378.3136	0	12627.1427	28.2403	684.6943	1.7317	8.5254
TCGA-FG-A70Y_0	5639.866	1492.8811	1297.3199	8.794	3.7688	1662.0603	2419.1792	6.7002	5.9003	494.5561	0.8375	23865.8961	1.675	22.6131	2.8601	1.675
TCGA-FG-A70Z_0	2192.9121	2697.0913	2188.9	12.3704	13.7078	1898.0274	2195.5868	36.1083	14.323	404.2126	11.3674	13888.5222	7.6897	226.0114	11.6583	6.0181
TCGA-FG-A710_0	1847.9101	4796.2768	171.4085	2.1075	19.6698	1895.3284	3524.0604	15.8061	8.4826	383.9129	1.405	18165.8131	60.4145	120.4777	3.1999	7.0249
TCGA-FG-A711_0	4112.2807	187.2807	15.3509	0	2.6316	721.4912	821.4912	14.9123	3.9868	353.5088	0	17690.1447	0	6.5789	6.25	0
TCGA-FG-A713_0	1365.2436	304.4416	42.6908	1.7249	8.6244	428.2018	519.6205	39.2411	11.3928	150.0647	0.4312	18021.3454	0.4312	18.9737	5.3471	5.6059
TCGA-FG-A87N_0	932.4044	1337.6816	999.4071	0.5929	5.9294	740.587	1287.5778	76.1933	2.9825	255.2624	0.5929	17411.7492	2.9647	24.6072	10.3617	0.2965
TCGA-FG-A87Q_0	3457.8974	1679.1231	1381.6642	0.4983	76.7314	2225.2118	3522.1724	42.85	4.001	552.0678	0	13174.4893	7.4738	242.6507	4.006	7.4738
TCGA-FN-7833_1	3333.8279	11556.7507	13141.3205	8.1602	65.2819	3711.4243	4467.3591	5.1929	3.7315	621.2908	2.2255	18017.6372	15.5786	122.7745	1.6432	3.7092
TCGA-HT-7467_1	1466.9949	303.1252	34.9071	0.2984	8.0555	531.6626	597.0016	27.7467	21.1442	208.2494	0.8951	20267.6423	0.5967	24.7632	6.1729	2.3868
TCGA-HT-7468_1	1055.9665	693.4706	143.4545	0.9649	8.6845	584.4323	1231.9074	15.7607	3.5864	113.5413	2.8948	25337.6681	1.2866	29.2699	2.2805	7.0762
TCGA-HT-7469_0	891.7114	547.4678	23.4489	0.3257	8.7934	525.6473	1200.456	2.2798	12.5289	187.9173	0.3257	8209.2754	2.9311	19.5408	4.4553	5.5366
TCGA-HT-7471_1	1313.2764	3706.1335	1437.8882	0.3882	20.5745	1373.8354	2613.7422	15.528	14.9961	287.6553	1.1646	19319.5575	1.5528	195.6522	1.5334	11.646
TCGA-HT-7472_1	2273.952	1942.5989	836.4154	0.6694	24.4331	1711.6559	2742.8667	22.4249	10.851	658.0202	2.6776	22444.4448	4.6858	64.2624	1.5028	7.0287
TCGA-HT-7473_1	3245.7185	3845.0408	6192.5085	5.8613	38.0987	2477.8826	6692.5543	41.3957	4.7733	932.6861	8.0593	16091.2208	5.495	177.3056	3.1175	10.99
TCGA-HT-7474_1	1312.6165	372.5473	29.8322	0.3551	7.1029	490.8106	663.056	32.6734	6.0801	164.7874	0.7103	21100.5416	1.0654	46.524	0	2.486
TCGA-HT-7475_1	1237.828	251.5267	46.8724	0.3301	5.9416	313.9132	335.0388	30.038	7.6745	123.4527	0	17429.9389	0.6602	94.0749	3.7234	0.9903
TCGA-HT-7476_0	2011.5512	643.1518	75.0825	2.0627	5.363	918.3168	864.6865	42.4917	10.8457	284.6535	4.1254	14125.1196	1.6502	378.7129	2.0545	4.538
TCGA-HT-7477_1	943.6514	1300.9016	71.3749	3.0053	6.7618	720.1352	1173.5537	11.6454	2.3065	133.3584	0.7513	9080.5748	3.3809	129.6018	7.9677	2.2539
TCGA-HT-7478_1	3575.3846	4075.8974	310.4274	2.3932	19.8291	2776.7521	5255.7265	53.6752	4.1265	943.5897	5.1282	12806.0068	16.4103	193.1624	2.9368	10.9402
TCGA-HT-7480_1	948.7276	211.1304	6.343	0.6041	11.7798	505.3236	549.4223	7.8532	8.5177	220.4938	1.2082	22518.0518	0.302	3.9266	4.5337	7.5512
TCGA-HT-7481_1	1841.1296	348.0934	69.926	1.5368	4.2263	431.8509	605.8976	18.8262	10.9653	124.8679	1.5368	24020.9586	0.7684	6.9158	4.0188	20.3631
TCGA-HT-7485_1	1701.9722	1284.8795	27.027	0.3652	32.8707	1159.9708	1935.3543	6.9394	7.374	479.1819	1.0957	25176.019	0.7305	28.1227	3.4332	38.3492
TCGA-HT-7601_1	4174.4836	6890.3272	1832.432	9.2207	25.5342	3981.9133	5018.1754	79.4397	12.9373	874.5456	1.0639	20455.5794	9.5753	122.3513	5.1068	15.9589
TCGA-HT-7602_1	2330.5613	1154.4141	12.3581	3.4091	7.2444	1129.6979	1686.2372	7.2444	10.8708	519.0389	0.8523	18811.6353	0.8523	18.324	0.5582	10.2274
TCGA-HT-7603_1	1576.7093	285.7015	24.9705	0.9729	12.9717	262.6768	537.6767	68.75	1.6377	126.474	0.9729	15994.9962	0	7.4587	1.1512	1.2972
TCGA-HT-7605_1	1073.2894	804.7524	30.0601	0	19.1812	541.3685	861.7234	31.4916	14.1741	195.2476	0.5726	22280.0773	4.008	12.3103	2.7684	35.2133
TCGA-HT-7606_1	965.7407	366.6667	42.5926	1.2346	1.8519	529.6296	855.2469	3.3951	4.3488	229.9383	0.6173	18104.7716	0.3086	31.4815	0.9012	0.9259
TCGA-HT-7607_1	1202.3569	909.7643	253.8721	1.6835	17.5084	587.8788	888.5522	54.5455	8.2088	188.8889	2.3569	21310.7879	0.6734	48.1481	4.9697	8.0808
TCGA-HT-7608_1	5659.449	1659.1895	367.6885	0.7985	14.3722	843.5677	867.9206	7.1861	8.4956	240.335	0	22553.3153	1.9961	51.1011	5.2578	50.7019
TCGA-HT-7609_1	2699.6109	1575.0973	129.572	0.7782	12.8405	1125.2918	1566.9261	0.7782	4.6809	566.9261	86.3813	22244.6926	1.5564	22.179	0.7549	4.6693
TCGA-HT-7610_1	1431.0333	481.1724	65.1333	0.5428	14.9264	581.8577	577.5154	40.1655	9.5882	309.3833	1.6283	22088.546	1.0856	6.2419	4.3069	1.8997
TCGA-HT-7616_1	1946.7492	1639.6285	9148.7307	4.9536	38.1424	1931.8885	2967.678	79.7523	22.2118	224.8916	19.8142	14511.2669	19.8142	228.8545	10.6006	50.031
TCGA-HT-7620_1	1411.4858	329.8209	16.8599	0	9.4837	889.8841	1229.1886	9.4837	13.2719	474.1834	0.5269	24004.6839	1.0537	12.6449	1.3646	89.0411
TCGA-HT-7676_1	3705.8824	3690.6763	60.024	5.2021	13.2053	1844.3377	3616.2465	13.2053	5.6222	540.6162	0.8003	16752.7651	2.401	37.615	8.4474	4.0016
TCGA-HT-7677_1	676.8648	663.7529	26.5152	0	9.9068	354.6037	708.3333	13.986	17.9545	147.1445	3.7879	22038.1818	3.7879	45.7459	3.648	17.1911
TCGA-HT-7680_0	4200.7019	1612.8237	1615.1001	0.3794	34.1459	1037.6553	1967.5614	34.9047	13.8443	689.3674	1.5176	12474.5215	2.2764	106.611	0.5236	14.0378
TCGA-HT-7681_0	1488.0383	880.7302	294.3177	0	8.0026	709.119	1057.2319	67.1329	23.8566	202.2879	1.3338	17799.2993	4.8905	69.3558	0	17.339
TCGA-HT-7684_1	4343.5532	3457.2066	2345.5756	0.5689	5.689	1549.6842	3060.1143	2.8445	4.6593	356.7004	0	22492.5396	9.1024	27.3072	0	0.5689
TCGA-HT-7686_1	5770.0183	2876.0512	1585.7404	0.3656	20.1097	2926.5082	4140.0366	27.7879	4.0439	435.1005	0.3656	14575.0896	3.2907	235.8318	0	2.925
TCGA-HT-7687_1	1373.8843	575.9391	629.8447	2.8371	15.2496	585.1598	1184.1507	34.4003	11.2741	146.1126	6.3836	20027.7082	5.3196	54.9696	2.6102	9.2207
TCGA-HT-7688_1	893.2304	550.3108	106.0182	0.2732	17.4875	426.8051	436.3686	46.4513	8.2355	123.5057	2.7324	17040.306	0.5465	34.9751	2.6887	2.7324
TCGA-HT-7689_1	1619.4043	1136.3404	19.7447	1.3617	14.2979	914.383	1802.2128	3.7447	6.543	394.5532	0.6809	24090.4409	0.6809	20.766	1.1132	4.766
TCGA-HT-7690_1	3386.1596	3271.0822	1988.8316	5.3722	7.6341	1738.0363	2442.9208	38.4534	9.7349	380.2926	0.2827	15466.1257	8.7651	146.1794	10.5125	5.3722
TCGA-HT-7691_0	7929.4057	2314.041	577.9047	1.7303	22.1472	1344.753	2372.8696	22.4933	6.3223	500.3893	2.4224	12908.6911	28.7222	198.287	4.4675	12.4578
TCGA-HT-7692_1	1167.8082	696.347	278.5388	0	3.4247	1100.0761	799.4673	10.6545	19.8744	166.6667	0.3805	25616.9749	1.1416	7.9909	4.7679	4.1857
TCGA-HT-7694_1	2171.0245	471.9618	84.1967	0.3289	24.0092	300.6085	437.4281	37.1649	9.676	78.2766	0.6578	17240.4539	0.6578	8.2223	6.1898	5.9201
TCGA-HT-7695_1	967.9971	335.6907	49.2245	0.7612	8.3732	394.0497	603.3806	27.6571	12.5776	133.7181	0	19067.1603	1.2687	8.3732	1.9157	7.8658
TCGA-HT-7854_0	4073.6417	1366.502	2121.9578	1.0777	44.185	1367.5797	3379.6138	24.7867	5.4279	595.5995	2.8738	15122.2811	10.0584	130.3996	1.6848	4.67
TCGA-HT-7856_0	2370.4159	467.4406	416.3912	0.3075	21.8344	344.7374	667.333	51.0494	13.4697	154.3784	1.5376	18242.5094	1.5376	35.9806	1.2486	0.9226
TCGA-HT-7857_0	3755.704	14928.7759	2690.7261	6.2462	171.7706	5998.0914	9592.0881	206.8188	5.9964	1361.6726	9.0223	11047.0131	24.6378	401.8392	6.555	22.5557
TCGA-HT-7860_0	1703.8905	585.0144	1157.0605	6.4841	145.8934	1151.2968	2091.4986	23.7752	12.6549	640.1297	0.3602	8415.9042	3.6023	329.2507	2.0389	9.7262
TCGA-HT-7873_1	2326.4105	673.426	87.3262	2.2895	17.6615	1018.4791	2050.0409	1.3083	9.5536	453.6386	0	19496.1603	0.9812	12.4285	2.6525	3.2706
TCGA-HT-7874_1	1975.2011	267.7614	97.8552	0	17.0912	385.0536	441.0188	38.2038	6.4812	131.0322	0	19238.3412	0.3351	14.4102	1.813	14.0751
TCGA-HT-7875_1	938.5316	201.9312	39.8915	0.6185	7.4217	298.7221	382.5251	8.3494	16.3369	101.1202	0.3092	12375.493	0	11.1325	3.1202	55.3533
TCGA-HT-7877_1	1694.5048	130.7048	71.4064	1.5523	9.6243	369.14	483.7007	25.7684	10.0435	147.7802	2.4837	18747.4946	0.6209	71.4064	2.9618	7.4511
TCGA-HT-7879_1	2150.5305	1023.2095	131.2997	2.6525	7.2944	1227.7851	1925.0663	6.9629	11.0875	456.8966	0.3316	16876.1306	0.3316	12.2679	8.7599	4.6419
TCGA-HT-7880_1	2003.4898	336.2944	15.5457	0.6345	16.4975	574.5558	637.6904	45.0508	17.4397	350.5711	2.8553	14347.4778	0.9518	43.7817	2.6301	9.2005
TCGA-HT-7881_1	1489.3329	95.8347	13.8842	1.3546	12.191	220.7924	301.0498	47.0708	9.6275	108.703	2.3705	18961.5848	1.3546	16.5933	1.8862	4.7409
TCGA-HT-7882_0	856.6236	14971.2099	20067.7188	7.6518	117.0732	7995.4089	13307.6997	255.9541	13.4711	1523.4816	14.5385	2694.3587	133.5246	1876.9967	5.3448	36.7288
TCGA-HT-7884_1	2189.4931	674.2857	109.1244	1.4747	3.6866	485.8986	894.3779	5.8986	8.9401	186.5438	1.106	22996.4055	1.4747	12.9032	2.8498	1.106
TCGA-HT-7902_1	2077.4453	168.619	53.4209	2.9844	12.2361	617.1753	740.4312	20.5924	11.096	304.7079	5.6704	21351.5303	0.5969	59.3897	1.4534	2.3875
TCGA-HT-8010_1	3423.8724	431.7093	70.2486	1.2772	10.218	694.3964	723.3473	34.4857	16.5999	401.0554	8.0892	15067.5887	0.8515	24.2677	0.9877	81.7438
TCGA-HT-8011_0	981.2916	600.5479	101.4481	3.4442	6.5753	655.6556	1547.3973	8.454	21.4669	39.7652	1.5656	12968.5041	8.7671	67.319	5.2853	6.8885
TCGA-HT-8012_1	1564.0625	824.0625	295.3125	0.3125	6.5625	738.75	1223.4375	4.0625	9.4281	110.625	0.625	23496.2562	1.5625	7.1875	2.0969	8.75
TCGA-HT-8013_1	4084.1692	10054.1519	1392.2619	3.9219	10.2572	3355.9092	3564.9747	1.8101	6.0698	934.6105	0.3017	15081.3425	2.4135	28.9615	3.1978	1.8101
TCGA-HT-8015_0	1957.4185	1512.5305	13.3067	0	15.9681	934.5753	1173.6527	88.2679	10.3171	581.9472	0.4436	16889.7716	3.1049	164.5598	2.5194	5.3227
TCGA-HT-8018_1	3141.0013	3177.4398	1597.9087	4.1191	23.7643	1430.9252	2586.8188	97.5919	10.5355	384.6641	6.0203	13477.3986	12.9911	296.8948	2.3638	12.0406
TCGA-HT-8019_0	1596.2876	230.7369	12.4375	3.431	9.0065	329.8079	311.3662	78.9137	16.9493	144.5322	0	11751.4775	0.4289	33.8814	1.2266	2.5733
TCGA-HT-8104_0	1094.6659	652.9894	17.2919	8.2063	45.1348	641.5592	1743.8453	26.6706	7.1659	224.7948	0.2931	11247.7462	3.2239	87.925	16.4537	3.517
TCGA-HT-8105_1	1455.5598	587.8159	583.8686	0.6579	17.1049	801.298	915.1113	18.0917	26.6113	99.3399	3.6183	15799.863	2.6315	66.7748	4.6479	2.9605
TCGA-HT-8106_1	5945.045	5385.2628	35879.8581	155.7884	31.3557	6569.1889	9732.1561	596.4188	140.2921	1320.9011	998.1022	7393.8015	141.2658	480.8978	5.2744	191.4349
TCGA-HT-8107_0	1090.7204	674.2195	121.4218	0.3459	31.4797	291.9658	340.742	66.7647	8.5307	148.0585	1.0378	13405.656	0.6919	11.7617	1.4737	2.4215
TCGA-HT-8108_1	3308.1891	822.4614	396.0693	1.8718	15.3486	1663.2663	1948.9003	7.1128	8.7	636.0318	6.7384	21102.6561	0.3744	34.4408	2.8414	3.7436
TCGA-HT-8109_1	1551.1264	626.3094	52.656	0.3708	18.17	657.4581	1100.9549	50.8019	11.6029	338.1849	1.4833	22635.4352	0.3708	11.1245	0	30.0362
TCGA-HT-8110_0	2851.1967	2458.0456	1363.3526	1.5136	36.7042	2781.1938	7408.5706	29.1363	14.2163	1111.7207	4.1623	8504.3648	20.8117	309.5261	0	41.6233
TCGA-HT-8111_1	4269.0948	907.0014	123.0552	3.1825	9.1938	1455.7992	2849.7171	20.1556	15.0354	688.826	6.3649	11865.0955	3.5361	56.5771	3.9851	13.7907
TCGA-HT-8113_0	1546.8453	233.6125	44.6678	0.4467	19.2071	277.3869	254.1597	53.1547	8.1563	102.7359	7.1468	14353.3758	1.34	32.1608	7.2228	3.1267
TCGA-HT-8114_1	3911.281	1731.9898	3574.7047	1.3899	31.9666	1702.8029	2081.5381	30.5768	4.6745	676.164	3.4746	21568.0403	4.6328	97.0581	3.0183	5.5594
TCGA-HT-8558_0	919.6705	113.0104	31.8838	0.3543	13.462	405.6328	309.6271	74.3955	14.7516	132.1406	0	16075.5256	0.7085	8.5023	10.7307	2.4799
TCGA-HT-8563_1	3120.2167	9619.0315	32919.404	4.4023	181.849	6398.2391	13558.4152	163.2238	30.5181	1684.7274	4.0637	15223.9248	36.9116	430.0711	3.1155	35.8957
TCGA-HT-8564_0	3290.5324	823.1906	99.2288	1.8582	28.6166	942.8598	1094.4904	68.7541	12.4686	429.9916	3.3448	11717.9522	10.0344	69.1257	3.5195	5.5747
TCGA-HT-A4DS_0	4106.4923	1582.784	514.1932	5.6427	2.116	1673.773	3520.3544	28.919	6.475	431.6684	1.4107	9090.4282	11.2854	541.7015	0	0
TCGA-HT-A4DV_1	2048.8	612.8	20.8	0.8	4	704	970.4	22.4	14	229.6	2.4	17528.632	4.8	22.4	3.208	0.8
TCGA-HT-A5R5_1	3775.2694	2040.0205	500.2565	1.0262	50.2822	1233.4531	2710.1077	19.4972	2.5859	459.2099	0	16718.353	61.57	81.0672	8.7224	8.2093
TCGA-HT-A5R7_1	2605.8648	331.2986	83.3034	0.9575	8.6176	429.4434	639.617	41.173	12.5338	142.6691	0	12643.3369	2.3938	18.6715	3.2364	3.3513
TCGA-HT-A5R9_0	803.688	413.3382	78.8813	1.3523	2.7045	261.886	378.1796	15.7763	12.7157	55.8931	9.4658	19306.6962	3.606	145.1416	3.0381	1.3523
TCGA-HT-A5RA_0	1218.1541	1283.3715	525.553	5.3394	15.2555	787.9481	1194.8894	16.7811	8.5202	247.521	0	5522.2616	5.7208	463.0053	12.0748	4.958
TCGA-HT-A5RB_1	1108.3413	467.4017	16.2991	0	9.5877	478.4276	546.0211	18.6961	6.7498	186.4813	3.8351	17899.4775	1.9175	8.629	1.0738	2.8763
TCGA-HT-A5RC_0	1363.7487	841.4429	281.8294	4.9444	141.1395	905.2703	1431.6215	12.1362	4.5084	449.0392	0	10713.2397	3.5959	76.4131	2.207	2.6969
TCGA-HT-A614_1	1538.3396	728.1994	48.2865	1.4632	0.9755	735.0278	1486.1512	8.2916	7.3503	251.6751	3.4142	16278.6082	0.4877	17.071	0.8877	2.9265
TCGA-HT-A615_1	1536.6992	2215.5282	53.4578	1.6971	32.2444	1934.2384	2817.1404	34.3657	32.2995	407.2974	0.8485	16869.1896	5.5155	30.9716	5.4094	25.4561
TCGA-HT-A616_1	1795.7907	583.0427	83.7041	0.4811	6.2538	435.3578	627.3001	42.3331	4.3488	168.3704	0.9621	13746.0108	0.4811	28.8635	0.7312	2.4053
TCGA-HT-A617_0	1712.6938	905.0388	2856.1047	7.2674	23.7403	1690.407	3651.6473	77.5194	7.8634	382.7519	13.5659	7286.1483	20.8333	269.3798	4.5688	9.2054
TCGA-HT-A618_1	4553.405	4121.8638	550.0597	2.3895	24.8507	2409.08	2431.0633	46.8339	1.9307	1020.3106	6.6906	12902.3035	2.3895	226.5233	1.2569	7.1685
TCGA-HT-A619_1	735.2575	102.7731	249.0096	2.7165	0.9055	288.8512	329.5982	8.1494	2.721	9.9604	1.811	19769.408	0.4527	8.6022	0.8829	1.811
TCGA-HT-A61A_0	1594.767	166.9786	73.0834	1.452	4.356	477.7041	481.0921	84.6993	6.9066	212.9583	0.484	14228.3614	1.452	11.6159	2.3861	6.2919
TCGA-HT-A61B_1	5267.3179	9965.8082	982.238	13.3215	4.8845	3184.7247	4568.3837	6.6607	9.3339	535.0799	2.6643	8996.3144	7.1048	211.8117	7.1314	6.2167
TCGA-HT-A61C_0	881.0114	2119.0622	724.6839	3.9278	29.4587	1102.9336	2742.4082	130.011	5.9546	280.4468	3.1423	8884.9628	11.3907	152.7924	7.9421	2.7495
TCGA-HT-A74H_0	2697.1256	1285.8039	116.4805	4.5186	6.0249	1201.9581	3350.8221	79.3272	15.9257	456.8846	2.0083	14186.8959	5.5228	312.2882	4.4785	10.5435
TCGA-HT-A74J_0	4589.788	418.8663	188.2302	0.4327	9.5197	686.283	1595.846	13.4141	10.463	402.8559	0	24498.7971	1.2981	16.8758	12.354	2.5963
TCGA-HT-A74K_0	1445.1004	3804.6045	776.8595	2.9516	1.1806	921.4876	1872.4911	6.4935	7.2137	190.673	0.5903	19883.6718	2.9516	170.6021	8.7898	2.3613
TCGA-HT-A74L_0	2596.573	624.004	220.7431	1.0331	13.7749	959.4234	1739.7728	1.3775	9.3842	327.1544	0	31587.7785	3.0994	3.0994	1.9044	3.7881
TCGA-HT-A74O_0	2625.7317	4301.995	515.5895	6.6898	7.1676	2574.125	7520.2485	35.3602	6.3314	669.9319	0.4778	16473.1239	12.4238	233.6638	2.0499	7.6454
TCGA-HW-7486_1	1761.9048	1113.0064	78.5359	1.7768	15.6361	899.7868	1903.6958	8.8842	7.9033	249.8223	0.3554	26234.8721	0.7107	27.7186	1.6631	16.3468
TCGA-HW-7487_1	1836.5319	280.876	254.685	0.4516	14.4502	919.3949	577.557	17.6112	10.5035	128.2457	0	17346.2858	0.9031	6.322	7.8709	4.0641
TCGA-HW-7489_1	2878.1537	785.5208	231.8958	0.6964	13.9277	669.9211	887.541	37.6047	9.14	271.2414	1.0446	16423.6624	0	26.1144	10.8845	1.741
TCGA-HW-7490_1	1761.8897	927.5546	172.0974	2.5308	16.0287	943.1614	1434.5671	6.7489	6.3398	157.3342	0	25635.9844	4.6399	64.9583	0.5483	7.1707
TCGA-HW-7491_0	667.2466	285.0515	314.3396	1.1599	2.3198	412.3532	611.5702	6.0896	9.0416	73.3652	0.58	29756.0737	0.58	10.1493	1.9023	1.7399
TCGA-HW-7493_0	1734.3688	1830.3465	252.0908	1.1947	37.4353	1103.9427	1745.918	39.4265	8.0207	539.6256	2.3895	18879.1876	1.9912	113.5006	1.5571	18.7176
TCGA-HW-7495_1	1889.8695	326.1704	37.9893	1.1512	11.8956	322.7168	556.4083	23.7913	6.5618	122.7936	0	21876.4083	0.7675	8.4421	6.3776	26.4774
TCGA-HW-8319_1	1698.3223	634.0614	40.2026	0.6331	23.7417	721.1143	830.3261	22.792	6.9864	416.5875	0.3166	24478.1133	0.6331	6.3311	5.6189	6.0146
TCGA-HW-8320_1	1859.5049	2290.9632	490.5957	0.3499	13.997	1239.0867	1538.2731	2.7994	5.2594	474.8491	0.3499	24506.2934	3.8492	17.4963	1.7881	3.1493
TCGA-HW-8321_1	1429.2418	1792.0544	1240.5534	1.6183	17.4771	989.7241	1456.7522	13.917	3.8968	224.29	7.444	21066.384	54.697	55.9916	2.3983	1.6183
TCGA-HW-8322_1	884.9299	702.3949	221.0864	1.4603	4.6729	554.6145	1073.8902	14.0187	17.868	100.4673	7.3014	27009.7371	1.7523	44.6846	2.2196	40.5958
TCGA-HW-A5KJ_1	1202.3869	159.6221	134.2616	2.9836	1.9891	1836.3998	188.4635	18.3988	14.3163	12.9289	0.4973	16350.8354	3.9781	117.3545	12.8493	2.4863
TCGA-HW-A5KK_0	2976.1513	2718.3388	328.9474	1.6447	26.727	2016.4474	6300.5757	54.6875	5.8306	843.3388	3.2895	12450.1604	20.5592	187.0888	7.4301	5.7566
TCGA-HW-A5KL_1	2625.8328	1427.9369	28.5213	0.9351	4.6756	1203.5067	2172.7645	7.0134	5.737	466.1601	0.4676	21197.896	2.3378	11.2215	4.0304	4.2081
TCGA-HW-A5KM_1	7009.9162	7166.2032	1583.9301	1.1084	62.3485	6978.8805	10723.9497	17.1805	2.2224	1344.5117	1.1084	18633.0844	9.6987	107.5166	1.4437	3.8795
TCGA-IK-7675_1	1549.0118	615.9219	358.1237	0.3175	5.3973	632.7486	947.3768	8.8896	16.0203	117.7871	0	30470.8088	0.635	34.9234	3.4161	1.5874
TCGA-IK-8125_1	1369.8588	629.0609	93.5257	0.926	10.4946	545.4125	689.868	13.89	7.7722	191.3728	3.0867	18287.7568	0	30.2492	0.4723	14.816
TCGA-KT-A74X_0	695.0782	648.2996	542.4021	0.861	3.4438	403.2142	1243.507	16.0712	16.12	55.1012	2.0089	20004.0637	2.2959	67.7285	1.8539	6.0267
TCGA-KT-A7W1_0	575.5183	666.0086	470.2205	3.9487	35.538	435.6696	566.3047	64.824	8.2659	114.1823	1.3162	5669.6808	13.1622	187.8908	20.9345	4.6068
TCGA-P5-A5ET_1	1037.9447	392.4901	4.7431	1.1858	3.5573	361.2648	573.5178	12.253	11.2213	118.5771	0.3953	19388.1028	0.7905	11.4625	3.3162	3.9526
TCGA-P5-A5EU_1	874.5763	3615.0659	1801.1299	5.6497	49.3409	1291.5254	2943.5028	10.5461	6.5198	531.8267	5.2731	12473.0508	2.6365	322.4105	18.8776	10.1695
TCGA-P5-A5EV_1	2175.1208	1256.8438	105.8776	3.6232	8.0515	973.43	1314.4122	11.2721	8.5628	367.5523	2.4155	19971.1473	0.8052	16.5056	2.6812	9.2593
TCGA-P5-A5EW_1	1954.4709	4048.8721	70.7932	2.898	39.7435	1367.0118	2559.3177	8.6939	7.4933	475.2664	0.828	24834.8087	6.2099	19.0438	4.1234	5.3819
TCGA-P5-A5EX_1	2174.5351	4871.7215	1671.9123	2.3844	263.7101	1916.5474	3641.8693	122.556	12.1698	586.5522	1.9075	17767.9018	15.7368	533.1426	11.4592	21.9361
TCGA-P5-A5EY_0	2636.2245	626.0204	20.4082	0	14.7959	981.6327	894.898	136.2245	6.7092	364.2857	2.551	12235.7551	4.5918	115.8163	2.8061	4.0816
TCGA-P5-A5F0_1	654.1676	144.1157	3.6142	0	7.2284	248.927	205.105	40.6596	13.4674	64.1518	2.2589	18543.5961	0.4518	17.1674	1.5315	4.5177
TCGA-P5-A5F1_1	2647.8245	1485.5584	743.2751	0.4958	2.4792	743.2751	1535.639	23.8007	1.4975	235.5275	3.9668	15925.3006	2.4792	184.951	4.0709	3.4709
TCGA-P5-A5F2_1	2090.4901	793.7901	215.3955	0.9616	14.4238	309.1502	547.6238	12.5006	6.7551	148.5652	0.4808	20259.0852	0.4808	7.6927	4.8031	2.8848
TCGA-P5-A5F6_0	289.8551	1422.1014	1173.913	0	3.0193	393.1159	881.6425	11.4734	3.0374	141.3043	0	5.4348	3.0193	216.1836	8.7017	2.4155
TCGA-P5-A72U_0	2012.6008	2438.004	1838.2056	38.8105	50.4032	2345.2621	2642.6411	69.5565	8.2308	538.8105	44.8589	6636.7792	12.6008	685.4839	14.8286	5.0403
TCGA-P5-A72W_0	1124.0506	1522.5316	160.5063	1.519	4.0506	929.1139	1703.7975	5.5696	10.2684	209.1139	0	23593.2051	3.5443	36.4557	4.2633	1.0127
TCGA-P5-A72X_0	2223.8723	920.7595	101.3637	2.3573	14.1438	926.417	943.3896	22.63	8.0997	262.1312	1.4144	21956.9369	1.8858	45.7315	13.8609	7.0719
TCGA-P5-A72Z_0	232.7223	194.8533	3.7869	2.7541	1.3771	413.4607	473.3626	1.7213	13.2851	22.7214	0	24791.0491	0.6885	10.3279	46.8095	0.6885
TCGA-P5-A730_0	942.4905	433.4601	344.1065	0.9506	5.2281	608.8403	725.7605	9.981	6.7063	41.3498	0.4753	23308.7025	0	26.1407	7.5238	1.4259
TCGA-P5-A731_0	1405.1305	859.7966	765.5904	0	37.1517	732.8616	1508.6245	22.9987	9.9071	304.2901	0.8846	15504.3565	2.2114	141.088	0.8934	6.192
TCGA-P5-A733_0	2046.5003	571.1503	61.8381	1.4607	18.0158	380.7669	513.6945	8.2775	2.9361	200.6086	0.9738	17718.3542	0	89.5922	2.7316	7.3037
TCGA-P5-A735_0	2018.1478	996.7226	6.8938	0	4.5958	855.4005	1897.507	7.4682	11.0358	410.1786	0	22897.9293	0.5745	4.0214	0	1.149
TCGA-P5-A736_0	3868.7708	3601.8826	174.4186	6.6445	34.8837	2259.6899	6956.8106	35.4374	12.9181	976.1905	3.876	13359.928	4.9834	151.1628	20.0997	24.3632
TCGA-P5-A737_0	1097.4106	1167.4476	39.4575	0	8.3847	645.1295	1363.7485	12.3305	24.4143	220.4686	2.4661	29779.1763	1.4797	43.8964	3.3637	23.1813
TCGA-P5-A77W_0	629.7605	273.6553	60.8559	0.7852	6.2819	230.4672	532.391	2.3557	8.7122	51.4331	1.5705	19128.3431	0.3926	9.4229	4.7978	1.5705
TCGA-P5-A77X_0	836.5991	248.8179	8.5659	1.6316	7.7501	323.8711	263.0943	26.9213	17.1521	120.7378	0.8158	16982.4063	0.4079	6.9343	8.1784	9.7896
TCGA-P5-A780_0	1944.5746	2366.1202	499.2194	1.9516	7.4161	1021.8579	1871.5847	12.4902	4.7268	287.2756	1.9516	23260.2537	1.171	34.3482	12.701	3.1226
TCGA-P5-A781_0	1072.1232	677.8768	10.94	0	8.5089	628.0389	914.9109	14.9919	12.423	206.6451	0.4052	23033.594	0.4052	10.1297	2.034	32.4149
TCGA-QH-A65R_0	1452.3217	691.5423	342.869	1.6584	5.3897	565.5058	747.0978	11.194	9.5937	39.3864	0.8292	17710.4851	13.6816	58.0431	3.4204	2.073
TCGA-QH-A65S_1	3506.12	1089.3513	11.0159	3.06	3.672	1235.6181	2382.4969	7.3439	4.9204	333.5373	1.224	20117.2889	0.612	31.2118	0	6.12
TCGA-QH-A65V_1	1799.8098	912.5059	29.9572	0.4755	3.3286	637.185	1131.2411	2.3776	4.8217	233.9515	0	16607.5464	0	12.3633	6.4717	13.3143
TCGA-QH-A65X_0	2013.7131	1079.6414	505.2743	3.1646	0.5274	1149.789	898.7342	14.7679	7.4684	24.2616	2.1097	22135.9705	6.8565	156.6456	0	1.5823
TCGA-QH-A65Z_1	1076.5195	437.6913	5.6843	0	3.498	378.662	499.3441	12.2431	17.84	96.6331	0.8745	19790.1399	3.0608	17.4902	3.4368	13.1176
TCGA-QH-A6CS_0	2115.2473	766.4457	37.2259	0	22.9475	1428.3529	2647.6288	1.5298	6.1856	447.2208	0	10051.7185	0	78.5314	0	4.5895
TCGA-QH-A6CU_0	4948.8036	2893.1553	678.3528	0.5565	4.4519	1047.3011	2338.3417	6.6778	11.4079	235.9488	0	20836.1937	3.8954	38.9538	0	85.1419
TCGA-QH-A6CV_0	2554.0435	949.4557	236.0031	3.888	13.9969	1522.9393	3394.6345	12.4417	1.9673	486.7807	0.7776	5957.3523	5.4432	183.5148	8.1765	0.7776
TCGA-QH-A6CW_0	5037.9363	2103.1866	690.4401	0.5058	6.0698	1635.8118	3305.0076	8.5989	10.6677	326.2519	3.0349	23933.1259	18.7152	28.3257	10.8144	6.5756
TCGA-QH-A6CX_0	1198.8811	976.2238	51.4685	4.4755	14.5455	1050.6294	6796.6434	16.2238	12.5371	467.6923	1.6783	13638.4392	3.3566	133.7063	4.0392	0
TCGA-QH-A6CY_0	928.0441	246.8747	23.6244	3.1499	10.2372	433.5072	328.7725	32.2866	9.6191	153.5584	1.575	17709.1249	0.3937	14.5684	2.1695	10.2372
TCGA-QH-A6CZ_0	895.5759	452.77	39.8565	0.3986	7.9713	347.9474	492.6265	23.9139	7.5887	117.5767	0	19302.4392	1.1957	9.9641	5.9386	1.5943
TCGA-QH-A6X3_0	1246.2655	1092.6163	1429.3641	0.4268	10.6701	892.4456	1130.175	5.9752	7.802	60.1793	0.8536	19579.8592	3.4144	15.3649	3.9052	5.1216
TCGA-QH-A6X4_0	1137.7062	191.7913	4.603	0.3836	4.2194	523.2068	1106.2524	2.3015	21.5727	161.8719	0	21432.267	0.3836	2.3015	12.0637	3.0687
TCGA-QH-A6X5_0	1736.7695	292.5741	9.098	0	3.8308	481.2389	856.6531	6.225	11.7892	189.6225	1.4365	17048.0138	0.9577	12.45	5.4876	30.6461
TCGA-QH-A6X8_0	922.6799	1022.3325	86.1538	0	10.7196	787.2953	2650.9181	2.3821	27.2794	222.3325	0.397	24573.4194	2.7792	15.0868	33.064	3.5732
TCGA-QH-A6X9_0	1450.7154	584.6582	63.1955	0.3975	11.9237	575.9141	882.3529	9.539	12.2258	277.4245	0	21901.6971	2.3847	14.7059	1.9436	3.5771
TCGA-QH-A6XA_0	2455.8824	1467.0232	72.6381	4.0107	15.1515	1174.2424	1509.3583	8.467	8.6096	596.7023	0	18615.6328	0.4456	12.0321	2.0766	9.3583
TCGA-QH-A6XC_0	2171.7204	435.3655	34.4718	1.2767	12.7673	755.3995	1341.4193	25.9602	9.1031	239.1744	0	9898.602	2.5535	46.8135	30.6926	1.7023
TCGA-QH-A86X_0	812.9507	567.5421	363.4042	0	5.5397	506.3284	821.2603	31.5763	9.3289	66.4764	1.9389	19702.4822	2.7698	34.9001	2.8225	8.0326
TCGA-QH-A870_0	1397.7974	657.2687	153.7445	1.3216	16.2996	603.5242	968.7225	5.7269	4.4449	278.8546	3.5242	19268.8458	3.0837	6.6079	3.1982	13.6564
TCGA-R8-A6MK_0	964.8843	246.6081	27.1349	0.7981	7.5818	503.9904	1304.0702	4.3895	6.9074	194.7326	0	21299.6409	0.7981	26.3368	5.7502	13.9665
TCGA-R8-A6ML_0	554.75	175.8691	136.4566	0	5.5772	230.8979	691.9502	11.5263	16.0513	21.1935	0.3718	21511.5709	1.4873	111.9167	7.9532	5.9491
TCGA-R8-A6MO_0	2262.7403	680.8056	111.9927	0.9155	2.1361	747.9402	1501.6784	26.5487	14.9161	145.56	1.2206	19413.3598	4.8825	21.6662	15.3616	2.7464
TCGA-R8-A6YH_0	1815.4469	2534.8959	2103.8674	3.2047	5.6082	935.7643	1906.7801	0.8012	4.0499	287.6193	0.4006	22924.1835	0.8012	4.4064	2.3755	1.2018
TCGA-R8-A73M_0	757.7572	573.2172	21.7746	0	0.5444	229.7224	464.8884	4.3549	9.4121	57.1584	0	19265.5416	0.5444	10.343	3.0866	1.6331
TCGA-RY-A83X_0	1590.6783	592.2597	48.6059	1.3317	2.6633	498.377	1020.0583	2.6633	9.7844	151.1444	0.6658	17921.9775	2.6633	8.9888	5.1236	4.6608
TCGA-RY-A83Y_0	1432.0666	1603.3316	349.8178	3.1234	3.1234	813.6387	2015.0963	22.9047	10.0937	58.303	0.5206	17356.2207	16.658	24.4664	0	6.7673
TCGA-RY-A83Z_0	2590.892	2175.8876	209.2586	1.5055	0	652.8666	1404.5916	11.04	8.6765	184.6694	6.0218	11963.864	0	158.073	8.275	0.5018
TCGA-RY-A840_0	488.5177	579.5407	413.3612	1.2526	0.8351	384.9687	544.0501	0.8351	29.1065	67.2234	0.4175	31223.62	0	12.5261	4.7808	6.263
TCGA-RY-A843_0	2244.6237	494.2396	393.6252	2.3041	5.7604	940.8602	1193.5484	9.9846	5.8564	319.5084	1.5361	17891.0407	0.768	11.9048	5.5146	5.7604
TCGA-RY-A845_0	2763.2833	584.3747	158.5903	1.0788	7.9115	681.4708	1085.6783	9.35	6.1602	299.1999	0.7192	20631.9482	1.0788	12.9461	2.7547	4.675
TCGA-RY-A847_0	2885.1318	2121.8299	85.5296	2.4863	8.4535	1305.818	1677.7723	23.8687	8.0756	646.4446	0	18661.0542	0.9945	23.3715	5.45	68.6226
TCGA-S9-A6TS_0	2347.0018	1065.6966	394.6208	0.4409	10.582	1648.1481	2234.127	5.7319	9.7884	410.9347	0.8818	17022.0767	3.5273	24.2504	2.4956	2.2046
TCGA-S9-A6TU_0	4443.3918	2148.7447	140.2179	7.1056	14.685	2101.8475	3206.5372	3.7897	5.2582	706.3003	0.4737	18139.9526	3.316	37.423	51.2222	3.316
TCGA-S9-A6TV_0	2021.8441	4818.1886	4422.3196	2.3776	112.3412	1803.1057	4552.1956	9.8076	5.1207	535.5524	6.5384	7529.2369	2.6748	237.1647	9.1626	7.7272
TCGA-S9-A6TW_0	2016.9554	507.6791	917.5574	2.9488	2.4573	1477.8228	1064.9957	17.6926	13.5496	48.1632	26.5389	20326.3546	0.4915	83.0569	2.4229	5.4061
TCGA-S9-A6TX_0	1769.3568	449.8156	242.9332	0.8193	8.1934	927.0791	978.2876	4.916	12.5236	233.1012	0	20816.5793	1.6387	12.6997	3.7894	9.832
TCGA-S9-A6TY_0	540.6174	147.0349	49.147	0	9.342	225.4265	444.7604	15.8408	24.3136	58.489	0.4062	25859.0942	0.4062	5.6864	1.9781	1.6247
TCGA-S9-A6TZ_0	2989.1545	847.4242	1203.8452	2.7114	16.7612	1147.1531	2017.0076	16.0217	7.2862	532.6596	16.0217	21759.4602	5.1762	68.0306	5.4252	2.7114
TCGA-S9-A6U0_0	2820.2434	627.7655	1512.7212	22.1239	17.6991	1839.0487	3737.8319	95.6858	12.5387	557.5221	0	9721.9137	30.9735	501.6593	33.1858	18.8053
TCGA-S9-A6U1_0	1919.4898	1634.9143	114.7868	1.9928	15.544	1677.1622	2893.1845	8.3699	6.9071	410.9207	0	18082.7979	1.1957	11.1598	5.4683	1.5943
TCGA-S9-A6U2_0	1362.991	551.3488	119.735	2.3663	8.5187	733.5542	1027.9224	10.885	14.4155	241.8363	0.9465	24325.788	2.3663	34.548	2.9863	82.3474
TCGA-S9-A6U5_0	1886.0759	986.0759	142.616	0.4219	9.2827	924.0506	2548.9451	88.6076	14.9409	158.6498	3.7975	20287.097	7.5949	340.9283	8.346	36.2869
TCGA-S9-A6U6_0	1720.1885	1235.182	372.6808	0.8023	10.8314	728.1115	1190.6529	17.25	11.6779	393.5413	0.4012	21399.2177	17.6512	11.6337	1.4923	0.4012
TCGA-S9-A6U8_0	2552.6598	1660.1214	43.5559	1.7851	19.6358	2074.6162	4014.9946	8.2114	7.5937	647.2688	0.714	17252.6026	0.357	36.7726	14.7126	9.2824
TCGA-S9-A6U9_0	6053.494	3077.1084	2287.7108	7.2289	12.5301	2795.1807	5402.8916	14.4578	8.2458	954.2169	0	16311.6675	40	42.4096	10.0193	9.6386
TCGA-S9-A6UA_0	4190.442	4001.078	7623.7873	1.4373	48.1495	3029.1053	4633.8484	162.4147	5.0521	692.0589	5.7492	10240.7186	28.746	378.0093	9.1448	7.9051
TCGA-S9-A6UB_0	615.5633	173.3182	4.8023	0	2.6194	306.4719	428.2749	2.6194	23.3521	85.5677	0	17357.2166	0	6.9851	2.0475	9.6045
TCGA-S9-A6WD_0	1104.3121	409.8563	122.7926	0	9.0349	586.037	759.7536	5.7495	11.6674	146.2012	0.8214	28152.5051	3.2854	13.963	4.8419	10.2669
TCGA-S9-A6WE_0	1574.7518	366.8277	480.5623	0	3.1468	495.3972	1106.7768	16.6331	1.8117	141.1567	0	24766.8228	5.3945	17.0827	3.5784	3.1468
TCGA-S9-A6WG_0	3031.4342	2343.3202	451.8664	5.8939	12.279	1445.4813	2106.5815	47.1513	7.9224	539.2927	16.6994	9991.6306	17.1906	1110.5108	3.5216	13.2613
TCGA-S9-A6WH_0	1076.8523	518.2739	653.6556	0	4.6505	513.6234	724.4467	4.6505	22.5137	114.7127	0.5167	20083.4716	7.2341	19.1188	0	0.5167
TCGA-S9-A6WI_0	1115.8261	439.3043	49.7391	0.3478	13.913	394.4348	431.6522	91.8261	10.9878	124.8696	0.6957	13073.6035	1.3913	18.4348	2.0974	1.3913
TCGA-S9-A6WL_0	963.9315	507.6646	301.6231	0.9017	15.3291	685.3021	775.9243	11.7223	10.0586	116.7719	0.4509	18135.1082	0.4509	49.5942	4.202	12.1731
TCGA-S9-A6WM_0	1029.3799	858.0859	47.9408	11.3119	43.6315	1256.1559	921.1092	23.1624	9.7821	227.3147	1.0773	7345.5708	2.1546	116.3506	8.2253	3.232
TCGA-S9-A6WN_0	3084.7741	729.7007	6270.657	5.2462	310.9574	1771.7897	3884.1064	35.7696	7.7453	564.6834	1.4308	37504.5809	9.5386	235.1258	2.1223	54.8468
TCGA-S9-A6WO_0	3345.1493	1276.5858	154.8507	1.8657	13.0597	1731.8097	2430.5037	4.1978	7.0149	695.4291	1.8657	20254.6269	2.7985	23.7873	2.9384	3.2649
TCGA-S9-A6WP_0	1902.6568	1327.6131	198.411	2.4366	8.0061	1151.1317	3166.5695	23.6701	14.7033	177.1775	2.0885	18278.743	6.9618	46.644	4.104	6.6137
TCGA-S9-A6WQ_0	3342.896	2014.0299	75.8036	1.2564	5.8633	1764.8414	2789.6555	12.9829	7.6055	714.899	0.4188	18930.7298	2.5128	79.5728	2.9986	4.188
TCGA-S9-A7IQ_0	1274.3363	164.0572	24.1661	0	12.5936	272.9748	289.9932	66.0313	10.9837	126.9571	0.6807	13843.3186	0.3404	5.7862	1.9877	6.8074
TCGA-S9-A7IS_0	694.8543	447.129	39.1467	1.835	6.4225	635.8284	1146.8767	9.4808	6.7834	152.9169	0.6117	13107.522	5.8108	26.9134	17.9953	0.9175
TCGA-S9-A7IX_0	2034.332	1269.9595	266.5587	3.8866	67.6923	1607.7733	2088.0972	30.1215	14.8211	770.2024	0.6478	10299.1935	2.915	157.4089	5.5449	4.5344
TCGA-S9-A7IY_0	3643.5921	942.4696	517.7736	1.4032	13.5641	1323.667	2195.0421	29.9345	10.435	586.5295	3.2741	19488.5688	4.2095	98.2226	5.608	14.0318
TCGA-S9-A7IZ_0	2730.414	468.1082	476.801	0.4346	15.6471	1305.6612	1624.6876	17.8203	11.0268	471.1507	1.3039	19725.4634	1.7386	66.0654	14.0998	4.781
TCGA-S9-A7J0_0	756.5495	507.3482	303.8339	0.9585	6.7093	554.6326	1112.1406	3.8339	3.8466	220.4473	0.3195	13591.393	2.2364	45.6869	14.3003	1.9169
TCGA-S9-A7J1_0	1174.3963	1289.3829	261.6584	0.5111	12.7763	715.9831	1330.7781	11.2431	17.6517	234.5726	0	18432.5795	2.0442	15.3315	22.6907	30.6631
TCGA-S9-A7J2_0	811.8868	745.5948	33.908	1.9049	5.7148	509.3818	630.1553	9.9057	4.9948	164.5871	0.381	20590.7534	0.762	8.7627	1.7792	3.0479
TCGA-S9-A7J3_0	1998.9932	296.0086	623.0852	0.863	11.7943	659.6188	1278.6767	8.9177	16.7048	203.6677	1.4383	21656.8256	10.0683	26.753	2.1719	25.027
TCGA-S9-A7QW_0	864.5732	613.7909	4.748	1.2949	1.2949	368.6198	525.7365	6.4746	6.5221	109.6363	0	18890.0313	2.5898	9.0644	4.9639	2.5898
TCGA-S9-A7QX_0	3056.4333	1071.9157	59.3974	0.9209	6.4462	1575.6425	2103.3123	2.3022	6.0272	392.2991	0.4604	17481.3986	1.8418	8.288	6.5199	3.6836
TCGA-S9-A7QY_0	1079.2121	442.1626	34.3671	0.4191	2.5147	552.808	672.6739	12.1542	15.7334	132.8583	0.4191	22486.2028	1.2573	16.7645	8.7427	20.9556
TCGA-S9-A7QZ_0	1628.3805	151.6686	78.3817	1.5676	5.8786	345.2715	373.097	20.3793	24.3806	90.5309	0.7838	19519.7786	0.3919	31.3527	0	5.8786
TCGA-S9-A7R1_0	1209.1334	523.6118	354.4369	1.0379	17.1251	620.1349	453.0358	15.0493	6.274	29.5797	1.0379	23031.5464	8.3031	23.3524	0	7.2652
TCGA-S9-A7R2_0	3350.6305	1154.7042	278.3705	3.8797	15.5189	1824.4423	4354.5102	145.9748	7.3569	800.679	7.7595	12692.6382	8.7294	508.2444	1.6004	24.7333
TCGA-S9-A7R3_0	3635.2031	1205.3517	1263.7781	2.4549	22.094	1199.4599	2547.6863	8.8376	6.9326	529.2746	2.9459	19228.9333	0.491	57.4445	2.3812	7.3647
TCGA-S9-A7R4_0	3176.8129	2636.2472	1254.3359	2.328	19.5553	1847.0492	1619.3691	8.3809	5.1263	586.6605	0.9312	17530.071	10.2433	63.3221	6.4253	1.8624
TCGA-S9-A7R7_0	3196.2096	3018.3946	4170.0111	5.0167	19.5095	3037.9041	4172.7982	32.8874	6.7336	841.1371	1.6722	13615.7414	2.2297	227.9822	0.8863	6.689
TCGA-S9-A7R8_0	2255.604	874.41	1601.3542	1.0385	6.231	1504.7745	2489.2646	1.0385	5.7377	493.8028	0	20740.1901	2.5962	22.3276	0.8308	3.1155
TCGA-S9-A89V_0	1619.4655	464.6988	84.9621	0	42.6805	1030.714	1015.1576	49.0626	3.6179	580.375	2.3933	21385.0339	5.5844	100.5185	5.9234	3.1911
TCGA-S9-A89Z_0	2918.6603	3001.4354	3381.3397	1.9139	8.6124	2223.9234	4222.0096	36.3636	12.7608	469.8565	5.7416	21327.2488	4.3062	255.5024	6.5694	5.2632
TCGA-TM-A7C3_0	613.3451	764.4719	141.4052	1.7676	7.0703	530.7114	466.1953	27.8392	15.6916	112.6823	0.8838	7975.8153	4.4189	114.4498	10.19	8.3959
TCGA-TM-A7C4_0	1153.2847	388.3212	19.4647	0	14.1119	398.0535	489.0511	49.635	7.8832	180.5353	0	15361.3139	0.4866	25.3041	7.8832	3.8929
TCGA-TM-A7C5_0	823.5294	376.0092	68.6275	1.1534	4.6136	397.3472	716.8397	10.9573	7.0127	60.5536	2.3068	20680.5709	0.5767	15.5709	4.0542	4.6136
TCGA-TM-A7CA_0	1367.1027	869.6292	38.9245	0	6.1709	718.6783	929.9146	17.0888	5.2453	291.4587	0.4747	23120.5732	0.9494	10.4431	5.2501	0.9494
TCGA-TM-A7CF_0	1269.8204	117.8716	3.2873	0.9392	5.6353	487.4532	797.8642	3.7569	10.4535	162.954	0	21906.4963	0.9392	16.9059	8.838	0.4696
TCGA-TM-A7CF-_0	1525.7568	253.3728	8.8322	1.104	17.1123	578.5069	714.8535	36.4327	13.4304	266.069	0	18751.7554	0.552	4.4161	9.9417	0.552
TCGA-TM-A84B_0	216.1103	415.0403	145.882	2.7127	11.755	343.305	638.6859	47.924	17.4516	60.8846	1.8085	7905.2641	5.4254	179.6398	9.6059	159.144
TCGA-TM-A84C_0	1360.3352	1609.2877	182.6117	3.1425	41.5503	1149.4413	1634.7765	9.4274	5.9532	400.1397	1.0475	9237.4721	3.8408	82.7514	1.25	0.6983
TCGA-TM-A84F_0	5446.607	4148.343	621.778	3.6823	24.7238	1789.5844	3592.3198	141.5045	34.8974	618.6218	6.3125	13642.0516	36.2967	235.6654	1.1415	37.3488
TCGA-TM-A84G_0	470.2539	160.288	72.3759	0.3789	3.7893	234.1796	329.6703	2.6525	26.2865	33.7249	0	20293.1603	0.3789	7.1997	1.3831	8.7154
TCGA-TM-A84H_0	1939.4269	750.8161	583.9681	0.3627	14.8712	698.2227	1241.2042	7.9797	6.9605	287.6315	0	20115.2086	1.0881	6.8915	6.0972	3.2644
TCGA-TM-A84I_0	1031.1526	1161.215	410.8255	0.3894	6.6199	697.8193	1270.6386	31.5421	4.6846	264.7975	0.7788	26253.4502	4.2835	116.0436	3.75	3.1153
TCGA-TM-A84J_0	320.4005	791.4059	357.1131	0.4172	2.9203	302.8786	565.2899	5.4234	5.0563	84.6892	0.4172	20150.5757	2.5031	61.7438	4.1385	0
TCGA-TM-A84L_0	3040.438	3636.092	101.2034	4.3373	21.6864	1426.0035	3081.4012	21.2045	8.318	740.2303	0.9638	16789.8247	3.3734	60.2401	7.7686	14.4576
TCGA-TM-A84M_0	211.0054	374.8448	180.3889	0	3.7236	303.6823	315.6806	3.3099	23.976	41.3736	0.4137	22853.4092	4.5511	12.8258	5.3662	4.1374
TCGA-TM-A84O_0	720.9302	653.4428	67.4875	0.912	3.648	700.8664	1427.7246	25.5358	9.3388	266.7579	8.6639	13807.9526	1.368	50.1596	4.1632	20.9758
TCGA-TM-A84Q_0	1649.9826	3913.4515	1593.3264	4.8662	4.171	1417.4487	2092.805	12.513	5.9263	295.7942	3.1283	19483.1005	2.0855	61.1748	8.4359	7.2993
TCGA-TM-A84R_0	1119.2146	269.2847	66.5197	1.6029	21.639	350.6311	305.3496	66.9205	7.3132	127.4294	3.2058	14829.3007	1.2022	99.3789	17.8321	2.805
TCGA-TM-A84S_0	1993.8796	1063.5838	29.0151	0.9067	8.6139	831.9166	1665.1932	14.9609	10.0193	239.8277	0.4534	21084.6832	3.6269	41.7092	2.6658	39.4424
TCGA-TM-A84T_0	2171.0709	1783.9592	392.675	1.3908	7.4177	1125.1739	2024.1076	5.5633	7.019	450.6259	0.9272	17935.2341	1.3908	11.5902	1.2935	4.1725
TCGA-TQ-A7RF_0	1370.9386	882.6715	741.426	1.3538	11.2816	721.1191	1258.1227	13.5379	4.9865	255.8664	3.6101	17975.6453	3.1588	62.2744	42.5496	3.1588
TCGA-TQ-A7RG_0	1240.1919	1472.8816	418.6447	0.9839	5.4114	848.6041	1747.8785	18.2019	10.4833	227.2783	1.4758	21429.2363	3.4436	63.9528	2.5286	11.8067
TCGA-TQ-A7RH_0	2171.5593	2715.9741	495.6157	0.3812	17.1559	1602.3637	3569.1956	13.3435	9.249	616.4697	0.3812	16754.1403	10.6748	36.9806	7.682	3.0499
TCGA-TQ-A7RI_0	1667.9182	667.9182	83.4376	0.8344	13.7672	780.9762	1424.2804	18.7735	10.096	226.9504	1.6688	24704.7059	5.8406	10.8469	0.9512	8.761
TCGA-TQ-A7RJ_0	3354.0778	1260.274	481.9015	1.4515	19.5954	1605.3706	2702.7125	8.7091	8.0559	565.7262	0.7258	20458.0786	1.8144	19.9583	5.2726	3.6288
TCGA-TQ-A7RK_0	1395.2673	768.624	97.7213	0.8764	7.0114	634.9693	1247.1516	2.1911	4.8861	214.2857	0	15266.5776	1.3146	21.4724	10.0526	5.6968
TCGA-TQ-A7RK-_0	1629.3189	1005.923	188.5489	2.9615	13.3268	1091.8065	1885.4886	1.9743	5.4738	366.2389	0	18482.8973	2.4679	26.6535	4.003	2.4679
TCGA-TQ-A7RM_0	248.1093	224.2135	54.9094	0.2542	1.0168	226.2472	416.905	3.0505	4.0801	45.2494	0.2542	24406.5383	0.2542	25.9295	6.8154	4.5758
TCGA-TQ-A7RN_0	1433.9376	431.3138	82.4247	0.6292	7.5504	573.5121	538.9063	6.292	19.7253	144.0859	0.3146	22448.8873	1.573	5.9774	2.3563	9.7525
TCGA-TQ-A7RO_0	829.4118	404.0724	292.3077	0.4525	6.3348	400.905	693.2127	20.8145	8.1855	180.9955	1.3575	19432.3575	7.2398	22.1719	7.9864	4.0724
TCGA-TQ-A7RP_0	2617.2297	767.9209	391.1013	1.831	8.7888	812.9635	1506.5458	42.4792	11.8795	291.8612	1.4648	12088.137	13.9156	102.9021	17.4165	14.648
TCGA-TQ-A7RQ_0	908.7669	356.1163	142.2503	0.327	7.8483	386.5284	364.6186	16.0236	6.9261	77.8289	0	23029.5619	2.2891	7.1943	7.4134	2.2891
TCGA-TQ-A7RR_0	2648.2729	1374.3985	50.9036	0.4278	11.9773	1222.9708	1679.8203	18.8215	3.4392	537.2687	0.8555	18316.3726	1.711	52.6147	3.867	4.2776
TCGA-TQ-A7RS_0	1437.7464	328.8442	34.0968	0.7577	3.7885	446.2886	618.2878	1.8943	5.3683	62.1319	0.3789	21140.5516	2.652	2.2731	2.0458	2.652
TCGA-TQ-A7RU_0	500.4219	303.3755	100.8439	0.8439	1.6878	319.8312	478.903	5.9072	9.8017	54.0084	1.2658	23530	0.8439	38.8186	11.6414	5.0633
TCGA-TQ-A7RV_0	2005.048	1565.8758	810.1969	1.0096	12.1151	1056.5371	1283.6951	73.1954	12.2413	426.0475	0.5048	21853.9475	6.0575	25.7446	2.8067	14.6391
TCGA-TQ-A7RV-_0	1862.3389	413.9379	44.6778	1.9093	3.8186	702.2434	990.1671	16.42	8.4964	268.0668	0.7637	22353.9666	1.1456	15.2745	4.0134	1.5274
TCGA-TQ-A7RW_0	3654.1353	960.401	1389.4737	0.5013	13.5338	2019.5489	2408.5213	16.0401	9.609	812.0301	0	17340.0401	2.005	106.7669	7.589	3.5088
TCGA-TQ-A8XE_0	1788.4841	868.3901	622.405	0.7834	8.2256	1189.9726	2521.3474	4.3087	3.1492	426.557	0	18621.8958	3.1336	72.8555	2.9691	4.3087
TCGA-TQ-A8XE-_0	1401.5373	1265.0073	1054.5388	0	4.7584	692.1669	1160.3221	5.1245	6.6105	261.713	0.366	21655.7943	2.1962	6.9546	1.3214	0.7321
TCGA-VM-A8C8_0	1977.4114	1522.0044	1082.1758	0.5193	5.1928	1158.5097	2655.5887	3.6349	8.8693	446.5793	0	22511.9252	0.5193	17.1362	2.8924	3.1157
TCGA-VM-A8C9_0	8631.646	3831.9007	241.9612	14.0083	0	2257.2429	3828.0802	99.3314	4.4763	878.7011	5.0939	14291.6269	6.3674	830.9456	0	0.6367
TCGA-VM-A8CA_0	3603.4985	1312.231	459.2531	0.5553	5.5532	938.4978	1499.9306	37.762	7.8856	313.7582	1.1106	15486.8249	0.5553	146.0503	0.8108	11.1065
TCGA-VM-A8CB_0	712.8807	546.9842	161.6305	0.948	1.422	899.6327	673.0655	7.5838	15.8976	40.2891	4.2659	15957.7959	0	11.8497	1.8059	0.474
TCGA-VM-A8CD_0	2119.3892	2090.5959	2339.1091	0.3428	98.0342	1194.2345	3089.1048	24.6799	8.9773	299.587	1.0283	12514.5903	18.1672	257.4254	2.2349	0.6856
TCGA-VM-A8CE_0	1344.2754	1873.0985	31.225	1.201	6.4051	629.3034	1305.4444	6.4051	8.0705	195.3563	0	18962.2778	29.2234	17.6141	4.5556	16.4131
TCGA-VM-A8CF_0	3032.4773	4311.1782	259.8187	1.5106	0.7553	2527.1903	6662.3867	5.287	1.5332	619.3353	0	11978.852	5.287	336.1027	3.4668	3.0211
TCGA-VM-A8CH_0	2522.6924	1432.5121	2067.1932	0.9431	9.4306	1578.2153	2541.0822	7.073	3.3054	286.691	0.4715	18569.143	2.8292	32.5357	4.0269	4.2438
TCGA-VV-A829_0	1292.5337	1055.4876	1160.7507	0.816	2.856	926.9686	1427.5806	1.632	5.3244	89.3513	0.408	31041.5871	0.816	40.7997	2.6153	1.632
TCGA-VV-A86M_0	2463.1696	1213.7277	840.9598	2.7902	7.8125	1404.5759	1828.125	16.183	3.3482	434.7098	0	16522.4219	2.7902	45.2009	1.5402	3.3482
TCGA-VW-A7QS_0	403.1217	535.3117	690.2399	0.3854	17.7281	485.9813	2436.0728	2.3124	7.9661	32.3731	0.3854	14129.3843	1.1562	28.5191	8.0085	2.6978
TCGA-VW-A8FI_0	954.112	1021.4541	223.4803	0	8.9392	1025.0298	1946.9607	35.1609	6.0727	222.8844	2.3838	10092.8844	18.4744	158.5221	12.1335	6.5554
TCGA-W9-A837_0	1584.3109	144.4282	39.956	0	7.6979	456.3783	406.8915	19.0616	11.9941	147.7273	0.7331	19207.8702	0	7.3314	5.3446	16.129
TCGA-WH-A86K_0	1637.6202	1747.5962	267.4279	0.601	3.6058	989.1827	1228.9663	7.8125	9.0865	320.3125	0	16413.3774	0.601	28.2452	2.3618	4.2067
TCGA-WY-A858_0	6178.4213	4945.2488	1054.3565	4.1863	5.9805	3463.2889	5170.1144	17.3434	9.7242	1089.6412	0	11789.7387	2.9902	80.7363	3.9052	4.1863
TCGA-WY-A859_0	1776.7727	449.362	8.7223	0	5.8149	388.9517	532.0627	41.6734	9.5203	196.7372	0	15555.5451	0.6461	11.6298	2.4035	1.2922
TCGA-WY-A85A_0	1589.3376	913.6975	7.3898	0.5278	4.2228	759.0393	887.8332	5.2784	13.8137	376.8804	0	18281.1982	0	19.0024	14.7585	4.7506
TCGA-WY-A85B_0	2280.5508	3198.3649	729.7762	0.8606	6.8847	2023.6661	2406.6265	10.7573	7.8098	605.852	0.8606	21348.8124	2.1515	38.7263	4.4277	0.8606
TCGA-WY-A85C_0	2557.4172	789.1295	110.3392	3.678	11.0339	954.6383	1156.9268	8.5819	6.9841	208.0098	3.678	30991.3527	2.8606	81.7327	4.2011	3.2693
TCGA-WY-A85D_0	3504.931	1774.6548	94.1815	1.4793	2.9586	1173.57	2726.8245	3.9448	10.8876	403.3531	0.4931	16245.7298	0.9862	18.7377	14.3047	3.9448
TCGA-WY-A85E_0	911.9093	365.5955	13.2325	0	5.293	343.2892	579.5841	17.3913	7.6711	120.983	0.3781	12868.7221	1.8904	27.5992	4.1626	3.4026
