	BRCA1	VISTA	CD14	CD163	CD19	PDL1	CD4	CD68	CD8	EGFR	HER2	FOXP3	CD11b	CD20	CD56	PD1	S100A4	SMA	TIGIT	TP53
TCGA-HT-8018_1	0.108383194	0.396120645	0.212236674	0.044534978	0.026440351	0.090115244	0.178968358	0.190790646	0.163629819	0.009713776	0.154423284	0.075096887	0.228324238	0.006031747	0.309815369	0.091962103	0.158175451	0.104924407	0.062896577	0.109965605
TCGA-CS-6665_1	0.203591797	0.573908597	0.388069016	0.00579992	0.026106565	0.048838478	0.397406517	0.318267344	0.079557519	0.002147113	0.1402533	0.036672771	0.532511135	0.0030561	0.45708355	0.050383037	0.092270274	0.397468107	0.026556809	0.213401188
TCGA-FG-A4MX_1	0.144370507	0.166884285	0.078262659	0.003805651	0	0	0.099956964	0.059166856	0.010100453	0.004077188	0.168223958	0.117941067	0.101311761	0.001005909	0.319403093	0.085287451	0.012837742	0.217483554	0.020978933	0.234955793
TCGA-HW-7489_1	0.085618459	0.362972183	0.052468759	0.006463119	0.004470166	0.052814435	0.083788223	0.065460527	0.063050829	0.011957897	0.142521649	0.065149784	0.161000171	0.001046586	0.37754341	0	0.013912864	0.483141429	0.009094475	0.139827921
TCGA-HW-7495_1	0.130924582	0.23833684	0.021786509	0.001058792	0.00738951	0.045108625	0.040362764	0.041037857	0.039890258	0.01813073	0.117542148	0.046772413	0.072886332	0	0.502889891	0.005433021	0.004497664	0.283089051	0.138310204	0.1098928
TCGA-HT-7879_1	0.135977418	0.271209543	0.068345144	0.003659426	0.0170263	0.027660677	0.153561264	0.141983135	0.011674515	0.018488632	0.147348761	0.079031535	0.271199127	0.000332231	0.387944646	0.002347348	0.00653592	0.388834637	0.02424793	0.116267514
TCGA-HT-7478_1	0.123045489	0.450901964	0.272249032	0.008651857	0.015361863	0.075192797	0.34729332	0.387635754	0.089995822	0.014541556	0.11748662	0.029413631	0.560084498	0.005137951	0.294381567	0.116166121	0.102910357	0.130358744	0.057148409	0.279895653
TCGA-HT-8563_1	0.206588818	0.39349944	0.642501946	0.917489805	0.028258202	0.689579201	0.800239135	1	0.27367313	0.00867299	0.053007419	0.217532562	1	0.004071427	0.349964115	0.261291834	0.229127254	0.138290884	0.187508652	0.177877401
TCGA-DU-7009_1	0.176663105	0.112698206	0.022338549	0.000937958	0.001928898	0.030764844	0.046450933	0.03758665	0.027205715	0.094807315	0.158741535	0.104263889	0.056003719	0.000903114	0.553280795	0.004254391	0.004802566	0.354118765	0.006278375	0.308017981
TCGA-DU-8164_1	0.143557693	0.07378785	0.021254394	0.002852564	0.005370105	0.047589	0.040251787	0.039327738	0.01917126	0.041409094	0.185841423	0.11338771	0.048667339	0.000558861	0.514058258	0	0.002674432	0.158700496	0.013110984	0.278625701
TCGA-DB-A64R_1	0.09233989	0.109737732	0.062037678	0.00209301	0	0.007348979	0.040236266	0.041594352	0.007311138	0.020151812	0.166823186	0.154301632	0.040548993	0	0.575318674	0.017148524	0.002839376	0.12129471	0.017716205	0.239619879
TCGA-DU-7010_1	0.393625442	0.22444136	0.070015838	0.006115111	0.001934675	0.022857297	0.087603012	0.066374992	0.015665167	0.010626182	0.088252199	0.03452297	0.10608369	0.000301973	0.250190653	0.0064007	0.049455068	1	0.018892062	0.350414886
TCGA-CS-4942_1	0.179590442	0.443358687	0.230615643	0.014012547	0.004441923	0.136461213	0.403864986	0.33794561	0.021466124	0.029957195	0.123578686	0.096511493	0.42371294	0.000693316	0.362297869	0.044089935	0.04018787	0	0.046995088	0.232988795
TCGA-E1-5303_1	0.228496751	0.874961386	0.192348676	0.056418439	0.003100359	0.051284346	0.322532422	0.395179327	0.00728867	0.030242067	0.103305998	0.027611676	0.614680274	0	0.488774626	0.020514519	0.017755758	0.037734258	0.02018493	0.168239067
TCGA-DU-A5TS_1	0.183068446	0.380821339	0.058273373	0.000691262	0.011940555	0.002351446	0.103686855	0.098553325	0.011435924	0.001588599	0.1178367	0.061965	0.21457139	0	0.302160314	0	0.010901404	0	0.00647792	0.030901719
TCGA-HT-7880_1	0.123361919	0.252665821	0.02246274	0.000433271	0.004072832	0.062559227	0.071860715	0.047032813	0.075535513	0.00756397	0.115732552	0.124309922	0.20808773	0.002860729	0.329816551	0.006737653	0.023325401	0.116744938	0.048060725	0.07475922
TCGA-FG-6690_1	0.139529021	0.384158361	0.056391715	0.015721102	0.013224348	0.045310741	0.16439183	0.168752016	0.022106949	0.055186938	0.12250465	0.06490672	0.403048944	0.000825667	0.490644872	0.023334027	0.014707591	0.113211651	0.021523244	0.102001875
TCGA-FN-7833_1	0.28056472	0.420438558	0.771931646	0.366258988	0.052380023	0.247551762	0.464194433	0.32948977	0.008706801	0.023815601	0.134389868	0.026598076	0.368778237	0.002229732	0.41418534	0.110278638	0.065410078	0.072938398	0.019375777	0.110845638
TCGA-DH-5143_1	0.119931646	0.30851582	0.108860701	0.000541869	0.00240005	0.072307811	0.19350445	0.17326039	0.020687309	0.028372119	0.106454924	0.024198797	0.330450374	0.000374611	0.41687155	0.007940351	0.016533167	0	0.021484066	0.197675441
TCGA-DU-5872_1	0.192193263	0.203609685	0.173430258	0.064019651	0.00445476	0.115787753	0.16252387	0.137938614	0.036069956	0.019248669	0.134924839	0.027404252	0.261565283	0.003476398	0.480035652	0.027018571	0.056751938	0.058374688	0.032625712	0.192534728
TCGA-P5-A5F2_1	0.375127616	0.263637677	0.053021106	0.006003243	0.006172475	0.054695668	0.038665965	0.040389956	0.020959433	0.021522851	0.136136694	0.048150252	0.088183525	0.000481714	0.465711236	0.003403513	0.004098409	0.21320011	0.015069353	0.08785765
TCGA-DU-7015_1	0.287478783	0.39338846	0.131156875	0.003383779	0.026611096	0.107798677	0.267624711	0.23910838	0.035251404	0.05275031	0.124937469	0.048779653	0.466136183	0.000593326	0.61887412	0.020961903	0.027135263	0.260912795	0.04021785	0.207142417
TCGA-FG-8188_1	0.160401984	0.32273908	0.109099385	0.003420066	0.019056618	0.056289463	0.159171009	0.176595802	0.000829618	0.015367324	0.121519855	0.017705202	0.20617745	0	0.433235109	0.017513085	0.007908432	0	0.020677525	0.176636665
TCGA-HT-7610_1	0.122151505	0.180471697	0.032139847	0.001815317	0.003484213	0.056601548	0.072773977	0.042594609	0.067344457	0.050023551	0.134888562	0.068344547	0.183639976	0.001631396	0.507766464	0.007684804	0.003325472	0.191174773	0.009923478	0.099135306
TCGA-HT-7874_1	0.115765307	0.249098252	0.017885088	0.002727302	0	0.064810563	0.048159338	0.032527312	0.064055325	0.018263801	0.144482154	0.046197897	0.0777765	0	0.442246605	0.002372124	0.007677264	0.080475484	0.073524211	0.082840968
TCGA-DB-A4XA_1	0.102421058	0.19595891	0.113488576	0.006740698	0.003544551	0.025126834	0.118579927	0.168239441	0.046291465	0.009431113	0.124310131	0.06754051	0.099638137	0.00276615	0.418721319	0.015635065	0.027359025	0.462998145	0.115377081	0.239593932
TCGA-HT-7603_1	0.080886817	0.198843313	0.019083394	0.000695948	0.006245009	0.049189242	0.032853454	0.039656309	0.11527135	0.00266491	0.057982201	0.011673501	0.075070899	0.00097475	0.367689329	0	0.003973742	0.051099491	0.006776194	0.043156337
TCGA-FG-5965_1	0.173062408	0.388845547	0.063860804	0.008773541	0.001975115	0.022170558	0.101450634	0.116677929	0.029924442	0.032963899	0.189000356	0.057752361	0.182650321	0.002466381	0.536814829	0.043565392	0.053444633	0.202697904	0.022503734	0.198251001
TCGA-FG-7636_1	0.104137725	0.311396073	0.04529137	0.00102217	0.002737688	0.006468467	0.076112943	0.102380505	0.013585588	0.009792346	0.16563742	0.055506333	0.137450189	0	0.418543467	0.009056686	0.011587287	0.095594045	0.022277025	0.251573473
TCGA-DB-A64X_1	0.078529802	0.201691521	0.04921816	0.003359537	0.003237725	0.013387807	0.072541943	0.047651026	0.018603874	0.004724661	0.117512124	0.021605636	0.074542148	0.001010618	0.353264465	0.00714044	0.059114116	0	0.018442301	0.202811586
TCGA-HT-8012_1	0.090136538	0.197248389	0.055043147	0.008230593	0.002005926	0.024885281	0.092396775	0.09023455	0.006811489	0.02561976	0.199458848	0.067203356	0.065663442	0.000626188	0.540126585	0.01106071	0.003829256	0.093077244	0.045707444	0.207145215
TCGA-QH-A65Z_1	0.069942805	0.135762949	0.029235533	0.000158426	0	0.013264566	0.047359929	0.03682909	0.02052769	0.009457243	0.166880873	0.127163254	0.0573583	0.000876163	0.454931228	0.021666957	0.009318184	0.152552755	0.068522511	0.21112309
TCGA-DH-5142_1	0.176659106	0.414519325	0.38807462	0.017380425	0	0.019236654	0.394782223	0.221525367	0.04252817	0.027323111	0.137886422	0.065061397	0.486296537	0.002541323	0.325942496	0.023085559	0.101929694	0.299969816	0.047320525	0.33473513
TCGA-FG-5964_1	0.138671963	0.226868869	0.159793458	0.011059294	0.005257131	0.032609673	0.164560039	0.294657299	0.032956708	0.008542866	0.147078835	0.098834503	0.090906814	0.000410279	0.365068038	0.089862514	0.082467486	0.069072202	0.01283465	0.309523809
TCGA-HW-8321_1	0.120177286	0.180245765	0.119700038	0.034575204	0.010387808	0.066273912	0.123786552	0.10744266	0.023334275	0.037006198	0.122286024	0.027776332	0.13313133	0.007458154	0.484269236	0.387192088	0.02983042	0.106455794	0.008453526	0.104375512
TCGA-HW-7490_1	0.144275127	0.222196942	0.061955888	0.004796491	0.016245112	0.060781517	0.117962872	0.1058064	0.011315706	0.012791646	0.122849918	0.04519	0.093388521	0	0.589314169	0.032845176	0.034607573	0.024337953	0.037457642	0.198790322
TCGA-HT-8111_1	0.198570952	0.538387738	0.060583039	0.003429646	0.02042835	0.034863284	0.182079393	0.210180693	0.033794374	0.010929678	0.152134064	0.107172107	0.408864959	0.006377002	0.272752112	0.025031536	0.030142355	0.176890708	0.072038589	0.172331223
TCGA-DU-7302_1	0.158917427	0.117989019	0.012384597	0.001662367	0	0.049113022	0.052944497	0.043614456	0.036002219	0.030618883	0.114979921	0.069142168	0.080922706	0.000341448	0.472719403	0.002412474	0.006173852	0.078668892	0.010682483	0.139703166
TCGA-FG-8182_1	0.171290861	0.386099856	0.08818318	0.002042062	0.00879077	0.067512014	0.179851565	0.193759002	0.016647698	0.097726683	0.089860195	0.054154154	0.470871074	0	0.46857631	0.007270691	0.006019457	0.276896922	0.008942466	0.087540572
TCGA-HT-7473_1	0.215068779	0.40932683	0.256828995	0.172590106	0.037623469	0.144471903	0.30991318	0.493608892	0.069407101	0.022876295	0.126631534	0.034024011	0.553612472	0.008074624	0.369901318	0.038898304	0.094462393	0.13837966	0.05740855	0.176681681
TCGA-HT-8105_1	0.121746672	0.183564804	0.039263086	0.016272879	0.004223036	0.064862514	0.100219765	0.067493972	0.030333886	0.024064127	0.21853358	0.18968495	0.05896497	0.00362518	0.363203651	0.018628005	0.035575342	0.206311089	0.015464787	0.164170566
TCGA-DU-6395_1	0.131447086	0.171337128	0.383348563	0.002951681	0.006730925	0.059643525	0.159343533	0.199040844	0.015236944	0.017915581	0.16389833	0.03774482	0.206636635	0.003151681	0.455940124	0.329073279	0.026256306	0.078970731	0.051122862	0.347184021
TCGA-FG-7641_1	0.126475931	0.091288771	0.010378907	0.001901281	0	0.031936206	0.037973155	0.025094843	0.038832277	0.043873271	0.104080826	0.072217894	0.060487827	0.000421901	0.476968564	0	0.000673043	0.408414194	0.054992063	0.126220722
TCGA-HT-A616_1	0.069991474	0.226472294	0.038944261	0.002332899	0.003088163	0.023714678	0.054450974	0.046266477	0.070978816	0.006267026	0.091204494	0.030998182	0.099939254	0.000963929	0.315990165	0.003405637	0.015377491	0.032456522	0.012564585	0.024321825
TCGA-HT-7467_1	0.188865433	0.185006917	0.020247208	0.000972888	0.001915419	0.030546801	0.066495986	0.044031813	0.046522175	0.021168466	0.116082137	0.150715543	0.123610146	0.000896802	0.465907944	0.004223952	0.013192991	0.274002823	0.012467946	0.147234129
TCGA-HT-7609_1	0.13308956	0.340455641	0.105208417	0.003611274	0.004995237	0.048691726	0.140742245	0.115568529	0.001304788	0.029699805	0.132140118	0.033365386	0.336509099	0.086545546	0.511355926	0.011017529	0.011816217	0.033508518	0.024391059	0.129418688
TCGA-P5-A5EW_1	0.153709652	0.246483907	0.27044388	0.001973062	0.018602155	0.150709055	0.170974595	0.188762305	0.014576838	0.034514604	0.109960316	0.053412131	0.282102849	0.000829574	0.570896925	0.043958977	0.010145889	0.183029571	0.028113474	0.248707283
TCGA-DU-7298_1	0.352519182	0.203633786	0.063469486	0.011010983	0.003742897	0.059704198	0.122783489	0.15283222	0.017599043	0.044502036	0.122097872	0.050481103	0.224118454	0.000292154	0.486229369	0.008256068	0.005281469	0.022779933	0.004569177	0.188004352
TCGA-FG-6689_1	0.104616837	0.462716229	0.070136796	0.00274333	0.012594648	0.06572217	0.194560643	0.161860481	0.039476958	0.01961144	0.119290054	0.02125779	0.393253235	0.001310487	0.426312596	0.009259141	0.018990017	0.042674645	0.0187902	0.131794474
TCGA-HT-7692_1	0.182925504	0.147275627	0.046512406	0.007763096	0	0.012986609	0.137588473	0.058964657	0.017864125	0.024461612	0.132903678	0.141664427	0.098927993	0.000381223	0.588877183	0.00808122	0.00425728	0.211637652	0.021864874	0.226396948
TCGA-HT-7602_1	0.164248746	0.293913742	0.077108938	0.00034443	0.021882887	0.027471075	0.141293324	0.124368311	0.012146498	0.004816298	0.115102964	0.077486901	0.308084798	0.000853921	0.432437587	0.006033307	0.009762404	0.024777394	0.05342495	0.106033306
TCGA-DH-5144_1	0.088697246	0.070009421	0.038434562	0.001527771	0	0.020426218	0.06198107	0.057396111	0.010094082	0.022219314	0.188201172	0.181135645	0.033289481	0.000634905	0.544618419	0.00448587	0.009791013	0.062307467	0.028138025	0.422583769
TCGA-DH-A66B_1	0.175795071	0.375475781	0.239907771	0.056956204	0.00535855	0.030073175	0.296470528	0.19009836	0.031492803	0.01054099	0.15489065	0.01502508	0.318363909	0.005018324	0.41213406	0.026592424	0.073161503	0.118946583	0.021803757	0.070394334
TCGA-DU-8168_1	0.351751038	0.07978719	0.020722153	0.006796956	0.001505247	0.056909462	0.03880173	0.034642072	0.017692601	0.080429857	0.297441716	0.188926533	0.016980967	0.00281925	0.559479574	0.004979974	0.009369809	0.3264162	0.006124798	0.218188837
TCGA-CS-5390_1	0.208459319	0.177835824	0.021876769	0.002767999	0	0.027691772	0.063021105	0.053483264	0.036732243	0.117301374	0.15068658	0.055722311	0.049847768	0.001097483	0.501318596	0.023262531	0.010893626	0.159641522	0.034331775	0.343894869
TCGA-P5-A5EX_1	0.139981841	0.274236832	0.325405998	0.046597517	0.015305376	1	0.239705989	0.268605825	0.20548648	0.008847231	0.277238162	0.086746153	0.348158521	0.001911127	0.408444479	0.111398513	0.284040244	0.508651226	0.114587779	0.245320877
TCGA-HT-A615_1	0.150892585	0.193797525	0.147985915	0.001489911	0.010893622	0.122272147	0.241918634	0.207778	0.057620082	0.016489538	0.112498074	0.230230355	0.241758637	0.000850113	0.387785088	0.03904342	0.016500615	0.240112568	0.132975231	0.256717419
TCGA-HT-7686_1	0.19039049	0.727673488	0.192105462	0.044195838	0.002346773	0.076256844	0.366023581	0.305348121	0.046591254	0.022762286	0.126388461	0.028824859	0.258261663	0.000366295	0.33504884	0.023294385	0.125643162	0	0.015279346	0.237808224
TCGA-HT-7620_1	0.198142296	0.178006506	0.022030344	0.000469899	0	0.035962597	0.111299386	0.090658722	0.015901075	0.028989163	0.116123676	0.094601906	0.281460015	0.000527902	0.551814205	0.007458989	0.006736773	0.060571895	0.465124698	0.171339706
TCGA-HT-7884_1	0.217691172	0.276123228	0.045038825	0.003041383	0.009466045	0.013979745	0.060772201	0.065964782	0.00989003	0.024422398	0.156539217	0.0637249	0.1107264	0.001108103	0.528636131	0.010439186	0.006874386	0.126496986	0.005777421	0.10065204
TCGA-CS-5396_1	0.115891062	0.087395944	0.023175088	0.148119817	0.001969338	0.047695177	0.076852142	0.15600591	0.014401961	0.01789778	0.115977648	0.04847814	0.065552386	0.001536817	1	0.023887593	0.022390982	0.178111378	0.036857438	0.141031008
TCGA-DU-7300_1	0.116853199	0.127250142	0.05669855	0.004501016	0.010621458	0.071530063	0.084229688	0.106321335	0.074352452	0.015901456	0.201325884	0.140613762	0.087412183	0.003315592	0.382107933	0.039824926	0.040727722	0	0.025930486	0.18560233
TCGA-DU-7008_1	0.197017052	0.143963992	0.052604018	0.005141001	0.018474418	0.023811754	0.055991058	0.053125936	0.026321437	0.016794586	0.139283123	0.0569191	0.097840873	0	0.61598382	0.009260557	0.005575769	0.232624309	0.01776792	0.152599234
TCGA-HT-7471_1	0.372905886	0.165621038	0.247550701	0.04007508	0.002491841	0.078019386	0.171828035	0.19277638	0.026035397	0.048902872	0.210495223	0.106891978	0.170742934	0.001166814	0.444113587	0.010992045	0.104236837	0.068064593	0.060835302	0.382094528
TCGA-DU-6397_1	0.195092437	0.351368653	0.07602443	0.024386941	0.004833479	0.022843645	0.093474206	0.08355745	0.025882316	0.05511944	0.173248083	0.126377038	0.034192713	0.007167202	0.559953309	0.021321509	0.022666635	0	0.07670336	0.219999121
TCGA-HT-7607_1	0.113807169	0.151632663	0.060767587	0.007075616	0.010806324	0.066392603	0.073527046	0.065535108	0.091455031	0.005741983	0.132062932	0.058512204	0.112118376	0.002361381	0.489887538	0.0047669	0.02565167	0.220595155	0.042211739	0.118615474
TCGA-E1-5307_1	0.131851068	0.374102702	0.04309981	0.007253022	0	0.043269863	0.114863006	0.118230507	0.018514842	0.086682913	0.172354238	0.039670801	0.298231393	0	0.780040371	0.005211452	0.000588333	0.136262351	0.003845694	0.149013788
TCGA-DB-A4XE_1	0.269680353	0.259155664	0.052117919	0.000509888	0.008807459	0.031218372	0.091811965	0.084670028	0.012269734	0.024224379	0.139789734	0.075406242	0.199808111	0	0.459021683	0.003237868	0.002680346	0.277522793	0.031059122	0.320680683
TCGA-DU-7019_1	0.13392909	0.219662452	0.105206447	0.011695724	0.008544282	0.063096559	0.160244375	0.139609001	0.035710142	0.018275726	0.128506149	0.026163982	0.203258403	0.000666866	0.544181258	0.042403044	0.03014033	0.103401898	0.022598805	0.202083157
TCGA-DU-7301_1	0.209906949	0.163526631	0.284167901	0.030617253	0	0.096050929	0.219808658	0.24803359	0.00465428	0.025139038	0.178469109	0.047338375	0.207398598	0.001042879	0.395157411	0.041756037	0.044551224	0.141078451	0.045313054	0.23908641
TCGA-HT-A5RB_1	0.13786485	0.139776087	0.031220035	0.000454269	0	0.036356969	0.05983779	0.040271749	0.031347268	0.031677981	0.132935097	0.048112474	0.110689302	0.003842392	0.411469111	0.013573703	0.004597238	0.047663858	0.015024951	0.201602395
TCGA-E1-5302_1	0.162652047	0.541230234	0.074054048	0.03343841	0	0.050402317	0.155288493	0.190125111	0.039327734	0.035984849	0.129594871	0.036476038	0.346673296	0.000783387	0.493622237	0.011069204	0.077061563	0.12789077	0.081684165	0.063318764
TCGA-QH-A65V_1	0.099123773	0.226979154	0.060950712	0.000834931	0.003052217	0.012622194	0.07969386	0.083434611	0.003986461	0.002921353	0.136245141	0.034369006	0.138866086	0	0.381770493	0	0.006586746	0.287265964	0.069550014	0.168547188
TCGA-DU-8163_1	0.22167994	0.398083314	0.112995824	0.002265669	0.031308493	0.089395893	0.210107691	0.218992136	0.022489566	0.0421035	0.105124995	0.049630022	0.51171513	0	0.446103047	0.025895157	0.019489326	0.065490088	0.050957271	0.218198949
TCGA-HT-7472_1	0.197112176	0.286774581	0.129755639	0.023311558	0.004296854	0.092651362	0.214079845	0.202299949	0.037599251	0.028787503	0.114943825	0.077345766	0.390579627	0.002682691	0.515947784	0.033170095	0.034236821	0.06670632	0.036715876	0.22554743
TCGA-HT-8106_1	0.157826812	0.749746605	0.359707922	1	1	0.118902158	0.82162013	0.717794518	1	0.007072596	0.099766195	1	0.78404441	1	0.169967025	1	0.256205991	0.234120185	1	0.089695415
TCGA-E1-5319_1	0.134973589	0.257847609	0.053248121	0.051331505	0	0.013706339	0.070823782	0.125176046	0.022894315	0.016829828	0.114708421	0.040220369	0.072944501	0.000402364	0.477100964	0.019900075	0.076812442	0.160258516	0.060838436	0.153518957
TCGA-DU-A5TP_1	0.113166737	0.207133632	0.675543999	0.039460736	0.005269969	0.403176822	0.256869502	0.335924047	0.06538761	0.006678664	0.048839288	0.049919418	0.494639845	0.002879064	0.183306155	0.090084083	0.103884999	0.086370214	0.045032019	0.262253359
TCGA-DU-6396_1	0.128209701	0.706493237	0.370395735	0.459705079	0.017157247	0.072217181	0.424441707	0.382919443	0.078987953	0.01313966	0.133452639	0.060324851	0.453753171	0.001004206	0.604123108	0.068589142	0.116770637	0.428455386	0.041887347	0.305994086
TCGA-DB-5275_1	0.20358499	0.197023101	0.071853318	0.002164092	0.00213944	0.027801362	0.080859529	0.083101032	0.031290093	0.018931282	0.139178769	0.101524605	0.112749695	0.000667767	0.575952189	0.290160817	0.014736201	0.47409515	0.059187222	0.271084988
TCGA-HT-7608_1	0.212640463	0.713729277	0.110825345	0.010247769	0.005125542	0.054499998	0.105506511	0.064013425	0.012048748	0.023615428	0.150751644	0.06055651	0.142655126	0	0.518450474	0.014130101	0.027224928	0.233383344	0.264851916	0.116061143
TCGA-HT-7873_1	0.186170462	0.293390273	0.044981401	0.00243385	0.014696216	0.066973165	0.127382991	0.151200629	0.002193593	0.030843383	0.131372937	0.068097919	0.269265283	0	0.448173292	0.006945772	0.006621482	0.117739229	0.017084659	0.115988663
TCGA-EZ-7264_1	0.119450408	0.072830326	0.031774613	0.002478616	0.003590126	0.023330923	0.034383157	0.037911363	0.00844021	0.053071443	0.155730744	0.14177206	0.042993543	0.000280232	0.588545277	0.009898362	0.004022863	0.122524258	0.024834552	0.290110451
TCGA-DB-5281_1	0.164182124	0.1973191	0.087015238	0.02313789	0.009455133	0.079316644	0.118497404	0.106033808	0.034576375	0.014949002	0.182866189	0.048969971	0.107192475	0	0.521021317	0.025025165	0.034058824	0.230151896	0.030778087	0.379921448
TCGA-HT-7477_1	0.621673967	0.119006573	0.086893552	0.001989275	0.01929091	0.025641035	0.090068589	0.086555374	0.019525541	0.013811041	0.167281557	0.016440698	0.079157257	0.000752729	0.208742185	0.023932898	0.069047431	0.353670446	0.011773715	0.60132768
TCGA-HT-8013_1	0.237690231	0.515066243	0.671565756	0.038803439	0.025174532	0.038895742	0.419729528	0.262934469	0.003034948	0.021407409	0.130540466	0.043265444	0.554754734	0.000302274	0.346686466	0.017084815	0.015429702	0.141944018	0.009455434	0.278090065
TCGA-DU-5853_1	0.151050417	0.364825172	0.117448878	0.007856519	0.009887771	0.055491617	0.224495835	0.146018718	0.100726369	0.036343746	0.105662418	0.131182012	0.383787609	0.004244155	0.422519103	0.062698827	0.080630403	0.317600739	0.064372275	0.160211181
TCGA-DU-5870_1	0.151213439	0.261392553	0.046051195	0.00701961	0.009331889	0.024807165	0.121458041	0.126923352	0.011577938	0.041802577	0.15693601	0.120798676	0.163088224	0.000364091	0.732831463	0.06946338	0.01084312	0.269248866	0.309454546	0.260663495
TCGA-DU-A5TU_1	0.090377668	0.528681323	0.254911609	0.017031494	0.008149516	0.012837961	0.120678656	0.169015218	0.019158014	0.00242659	0.118779574	0.036590086	0.318763261	0.000424005	0.320952494	0.038944316	0.121749335	0.220719441	0.008842693	0.29908704
TCGA-DU-7306_1	0.142178727	0.22737303	0.054240713	0.027024614	0.006105718	0.15631104	0.108504594	0.114453155	0.009569618	0.030621319	0.078514694	0.02040956	0.138522707	0.000317703	0.596172739	0.008978111	0.011825167	0	0.008281667	0.067560863
TCGA-FG-7634_1	0.299785425	0.156889715	0.120633751	0.037514167	0.011618323	0.045756306	0.220526257	0.221865517	0.010115711	0.042091467	0.121710998	0.05633603	0.218984448	0	0.517736778	0.029895417	0.034071291	0.622772831	0.022060763	0.372411034
TCGA-HW-8322_1	0.204262774	0.111601037	0.046916375	0.006161853	0.009373612	0.017719837	0.069366621	0.079204699	0.023504792	0.03319502	0.141022753	0.127362838	0.059634158	0.007315283	0.620893684	0.012404276	0.023806435	0.098523654	0.212060601	0.356758669
TCGA-HW-A5KJ_1	0.132852174	0.151636446	0.010661937	0.003741977	0.019151618	0.007542752	0.229681787	0.013900113	0.030848793	0.00791258	0.159812603	0.102046373	0.007674179	0.000498246	0.375869279	0.02816039	0.062522486	0.570355015	0.012987705	0.286520183
TCGA-HT-A5R7_1	0.096541284	0.328633053	0.022129046	0.002321732	0.006146157	0.032678308	0.053711249	0.047174909	0.069033706	0.007138348	0.103796192	0.08934074	0.084683789	0	0.290642148	0.016945361	0.00994754	0.143657395	0.017506212	0.043483256
TCGA-DU-6400_1	0.082009253	0.104909867	0.037512673	0.003151871	0.001757512	0.046725552	0.067262038	0.062404911	0.035351501	0.028681564	0.199405434	0.249694031	0.041445756	0.000823062	0.513824988	0.042643726	0.019402485	0.057491367	0.022886109	0.250530513
TCGA-FG-A60K_1	0.110960407	0.207878631	0.02245586	0.00076706	0.013589587	0.011239236	0.076893916	0.06536216	0.009229085	0.017138798	0.133983427	0.027494777	0.137726317	0.004242151	0.480365161	0.002997187	0.006767407	0.231736548	0.046447644	0.198477488
TCGA-DU-7294_1	0.18340402	0.128353541	0.029243749	0.002756246	0	0.01525463	0.054632428	0.061441842	0.01461406	0.029061207	0.103365372	0.052904618	0.066062557	0.001007612	0.530072982	0.009492036	0.006786853	0.450875776	0.04553036	0.222819428
TCGA-HW-A5KL_1	0.136453722	0.331151274	0.095378858	0.000794911	0.006002372	0.017730076	0.150524722	0.160252099	0.011759187	0.024894615	0.114619203	0.040893251	0.276697643	0.000468489	0.487292404	0.016548945	0.005978434	0.178901485	0.021981885	0.226263905
TCGA-DB-5273_1	0.149506386	0.379227059	0.172952481	0.001432233	0.015960752	0.051859599	0.27041006	0.201183159	0.018760978	0.011466192	0.093856209	0.050424792	0.438349729	0.001245664	0.345523365	0.011734617	0.060275652	0.035319549	0.025978022	0.267072842
TCGA-IK-7675_1	0.139928068	0.195350302	0.041140422	0.009981191	0.002038021	0.020466793	0.079138992	0.069873712	0.014904963	0.023610664	0.180577509	0.11419246	0.069914634	0	0.700456011	0.004495072	0.018606	0.151633923	0.008292114	0.263650033
TCGA-FG-5962_1	0.17233017	0.194173758	0.02718445	0.005326417	0.002038021	0.08306394	0.075757764	0.042543719	0.062276541	0.027617383	0.107523967	0.158738803	0.097232051	0.000954211	0.528325633	0.006741901	0.018942814	0.1155509	0.230506559	0.154657816
TCGA-HT-8010_1	0.101791346	0.431794327	0.028835966	0.001957884	0.0081983	0.038747094	0.086849392	0.053350431	0.057821283	0.013600995	0.122944579	0.11832384	0.238053587	0.008104581	0.346370297	0.006027644	0.012929005	0.04384205	0.427005734	0.092559384
TCGA-HT-7606_1	0.344540285	0.121792318	0.024491454	0.001187089	0.007924852	0.007022484	0.066241715	0.063078678	0.005692476	0.104961863	0.13896644	0.030998182	0.13648398	0.000618474	0.416188365	0.002184534	0.016772272	0.040002486	0.004836631	0.28344699
TCGA-P5-A5ET_1	0.12308684	0.130898171	0.026216325	0.000132194	0.007611607	0.013489434	0.045184031	0.042299767	0.020544289	0.016205733	0.167208824	0.079985259	0.070383553	0.000396052	0.445689291	0.005595834	0.00610683	0.14719956	0.020647228	0.27413487
TCGA-HT-A619_1	0.13212921	0.092725423	0.006864716	0.006940094	0.017437113	0.003433695	0.036127133	0.024309493	0.013663889	0.021703356	0.139497004	0.019395247	0.005912173	0.001814443	0.454454648	0.003204597	0.00458296	0.039190185	0.009460135	0.212716529
TCGA-DU-7018_1	0.19826167	0.09193892	0.018066643	0.005547706	0.01603136	0.019888506	0.046636402	0.027188384	0.001674998	0.045987132	0.123290993	0.072187956	0.023867244	0	0.772977734	0.012375961	0.011176898	0.273044042	0.039138631	0.215247369
TCGA-DH-A66F_1	0.120801637	0.190750916	0.029430207	0.011752424	0	0.019740996	0.06836626	0.079165255	0.013489514	0.014780962	0.15827138	0.034206488	0.044384154	0.0004742	0.484510109	0.013400271	0.048662472	0.137385368	0.084054161	0.232866767
TCGA-DB-A4X9_1	0.114067528	0.260054319	0.042578683	0.000174466	0.006696904	0.029671598	0.108238954	0.090337291	0.011370198	0.02217432	0.147587448	0.119952585	0.240895055	0	0.700005125	0.014770737	0.002779174	0.144025816	0.065398733	0.165214428
TCGA-HT-7481_1	0.263810619	0.232190112	0.023250853	0.001948893	0.009864663	0.016026311	0.05401236	0.044687937	0.031565403	0.040766307	0.191482114	0.078160495	0.074117569	0.001539722	0.552188324	0.005439392	0.003684503	0.178386584	0.106370886	0.239346536
TCGA-HT-7475_1	0.176656979	0.156106024	0.016800693	0.001306371	0.0021189	0.022530802	0.039261682	0.024710764	0.050363939	0.036807338	0.122787868	0.054703722	0.073277552	0	0.400675465	0.00467346	0.050119907	0.165274362	0.005173038	0.204200551
TCGA-DB-A64U_1	0.143276403	0.135642675	0.042249611	0.000416939	0.004924629	0.018909401	0.074121938	0.065041267	0.005788215	0.011689241	0.147518336	0.041258916	0.135015611	0	0.413626737	0.002715448	0.004495906	0.100627647	0.038070906	0.227943566
TCGA-DU-5851_1	0.169939632	0.350767334	0.030265016	0.004936628	0.004331516	0.046057015	0.105872159	0.087117416	0.039031969	0.019639444	0.163971153	0.03871779	0.256932368	0.000338042	0.475456154	0	0.010964484	0	0.017623746	0.135852358
TCGA-DU-6393_1	0.238513936	0.095631379	0.015376366	0.008950623	0.003316678	0.015675547	0.041297438	0.027402037	0.010396554	0.138770016	0.243814381	0.252909465	0.036498961	0	0.90250932	0.009144464	0.003854136	0.108488765	0.02024448	0.267411208
TCGA-HT-7676_1	0.127678007	0.467359414	0.246518239	0.001672916	0.033392088	0.050075063	0.230674594	0.266716017	0.022140985	0.015653475	0.101515833	0.040074958	0.320892389	0.000801822	0.385108748	0.016996329	0.020039993	0.37496338	0.02090319	0.196247438
TCGA-DU-8167_1	0.145783337	0.298149457	0.474435009	0.010410518	0.010703621	0.036359244	0.188435391	0.221841311	0.022367337	0.012188224	0.113727809	0.026862525	0.333561026	0	0.374807493	0.08853169	0.04486449	0.126199586	0.010888297	0.312545215
TCGA-HT-7687_1	0.111042599	0.173264473	0.038469777	0.01755427	0.01821124	0.057827137	0.073186976	0.087336955	0.057678095	0.039396959	0.218939324	0.080361617	0.08672774	0.006395738	0.460392394	0.037656673	0.029285933	0.115861616	0.048166243	0.201780616
TCGA-HT-A614_1	0.128233099	0.194004401	0.048639983	0.001345783	0.009392227	0.003699138	0.091931233	0.109610982	0.013902312	0.004143836	0.166844012	0.052392829	0.149386245	0.003420692	0.374208937	0.003452357	0.009094848	0.039403247	0.015287181	0.223347084
TCGA-CS-6667_1	0.14322748	0.424048476	0.053544784	0.011734029	0.015923522	0.047035362	0.114666668	0.070520351	0.008318819	0.02771663	0.151275483	0.043296807	0.179222051	0.001065222	0.482105009	0.002508746	0.008118714	0.453672221	0.00925641	0.141869042
TCGA-DU-7007_1	0.194067508	0.167941123	0.279819936	0.069029247	0.01491767	0.075538631	0.201975136	0.224472599	0.113002977	0.00800547	0.138136242	0.041461351	0.267026701	0.012640189	0.403956061	0.04465412	0.134960333	0.128210364	0.043357298	0.101734291
TCGA-DB-5279_1	0.262346568	0.12405057	0.044005662	0.011970713	0.008399213	0.058301142	0.100237763	0.054019573	0.071849848	0.035261896	0.15059644	0.068179178	0.14407221	0.001966432	0.562891321	0.01620916	0.062042943	0.106287119	0.290491964	0.120851518
TCGA-HT-7694_1	0.126206809	0.2737941	0.031524626	0.002346629	0.002111197	0.091043915	0.037597639	0.03226248	0.062313428	0.014562352	0.139356351	0.068970384	0.046462472	0.000659051	0.396319627	0.00465647	0.004380562	0.274752981	0.030924873	0.071562012
TCGA-DU-A5TW_1	0.17723632	0.245242957	0.081326112	0.008406483	0	0.030187316	0.091435086	0.106762264	0.000741593	0.018745839	0.12393376	0.038049897	0.150682538	0	0.398725286	0.012523201	0.023562268	0.04358016	0.016171555	0.08824365
TCGA-DB-A64P_1	0.18995307	0.223433302	0.078358764	0.025558008	0.005407976	0.019168018	0.118749699	0.122935245	0.010593898	0.016525556	0.170143958	0.084881472	0.08175934	0.000422001	0.431929201	0.014908775	0.017504506	0.348707865	0.019803599	0.215707889
TCGA-HW-7487_1	0.107580505	0.231610283	0.018761076	0.007098272	0.002898804	0.054795778	0.114990354	0.042597678	0.029528244	0.021379336	0.130299238	0.074868792	0.076122523	0	0.398752466	0.006392913	0.003368147	0.349373685	0.021229671	0.108365195
TCGA-HT-7877_1	0.145814053	0.21369884	0.00873041	0.001990153	0.009964157	0.036495758	0.046168996	0.035675313	0.043205211	0.032100132	0.153471549	0.071589918	0.087717574	0.002488423	0.430963135	0.004395261	0.038042901	0.131468445	0.03892237	0.160666736
TCGA-HT-7688_1	0.121823503	0.112647837	0.036757938	0.002954811	0.001753661	0.066313349	0.053381272	0.032184337	0.077883695	0.02317302	0.08173181	0.058702521	0.073309011	0.002737595	0.391718673	0.003868594	0.018633544	0.119346076	0.014273259	0.164446401
TCGA-HT-7601_1	0.201867642	0.52645605	0.460238501	0.051071328	0.059187334	0.096826781	0.498024973	0.370115189	0.133194494	0.01630516	0.098821545	0.092216882	0.519102141	0.001065923	0.470228199	0.067782153	0.065184611	0.226680752	0.083364632	0.203829267
TCGA-CS-6290_1	0.162848252	0.551138353	0.173623857	0.022526803	0.016602006	0.093174664	0.335943356	0.324962648	0.059989558	0.016915323	0.097142121	0.047196528	0.684196328	0.003455157	0.426297362	0.045772579	0.044554047	0	0.042784257	0.174589766
TCGA-DU-6410_1	0.320782101	0.041874261	0.005124896	0.001447116	0.004245502	0.011286636	0.022832453	0.014269249	0.008871954	0.186237421	0.074229323	0.056929791	0.005496438	0	0.642538623	0.004681954	0.001233353	0.441860568	0.005182441	0.367734434
TCGA-DU-5874_1	0.165215307	0.069573171	0.026756835	0.003870266	0.00373712	0.030910458	0.045076819	0.040581314	0.012202835	0.043888505	0.249846061	0.249240691	0.047519973	0.001458368	0.447039558	0	0.008530436	0.076888932	0.025852653	0.36292304
TCGA-DB-5274_1	0.173103249	0.272809651	0.192323154	0.037961939	0.036890423	0	0.111558272	0.160226234	0.043362315	0.004998221	0.226968797	0.012535275	0.076754435	0	0.326888762	0.020341795	0.184018597	0.134438003	0.039027889	0.216266349
TCGA-P5-A5F0_1	0.151065136	0.082498944	0.009626189	0.000100731	0	0.027410403	0.031133742	0.015127505	0.068172901	0.036281785	0.145497108	0.095995427	0.038078445	0.002263195	0.426275963	0.003198226	0.009146207	0.067980256	0.023599145	0.199615806
TCGA-FG-7638_1	0.132095176	0.146238412	0.02586636	0.001232792	0.005567167	0.018088803	0.05873926	0.044937413	0.030537937	0.012931565	0.105915971	0.037617941	0.080566684	0	0.473312149	0.003070099	0.027724183	0.166308603	0.108733047	0.191138848
TCGA-DB-5280_1	0.155852934	0.149136006	0.095700836	0.015833953	0.002252414	0.039919594	0.139653796	0.1239968	0.011767235	0.051161724	0.255699058	0.042921875	0.209745683	0.001757836	0.553894435	0.00745191	0.006356378	0.272737764	0.034828028	0.198261926
TCGA-HT-7480_1	0.154968054	0.119646747	0.014102427	0.000176784	0.003877696	0.044669506	0.063201721	0.040522605	0.013167258	0.033217147	0.144963576	0.060714039	0.130878028	0.001210497	0.517639845	0.002137814	0.002091959	0.201241977	0.039445263	0.290152126
TCGA-HT-7474_1	0.096393492	0.165537816	0.024884248	0.000831447	0.002279374	0.026934501	0.061386554	0.048903651	0.054782646	0.01057496	0.092172759	0.043338862	0.097812501	0.000711651	0.485054444	0.007541811	0.024786405	0	0.012986138	0.122419985
TCGA-HT-7881_1	0.147522297	0.187824026	0.006401266	0.000386964	0.008695127	0.046228794	0.027614898	0.022203908	0.078922395	0.006282613	0.121399173	0.068624677	0.064522605	0.002375007	0.435884592	0.009589016	0.008840346	0.083724688	0.024765077	0.077412448
TCGA-CS-5393_1	0.179884409	0.544954081	0.071308946	0.004621704	0.010359565	0.050489155	0.195139225	0.162775661	0.028412418	0.097402658	0.119959156	0.026055637	0.342226523	0.000808434	0.521614116	0	0.008598204	0	0.006322776	0.222640883
TCGA-FG-A4MT_1	0.143805034	0.195468735	0.101340921	0.013784767	0	0.017389171	0.106431867	0.106730852	0	0.028777453	0.157054825	0.061217275	0.150481971	0	0.422110765	0.023186787	0.006631232	0.212853884	0	0.298206103
TCGA-DB-A64V_1	0.126704213	0.245884001	0.136054809	0.007530858	0	0.04255658	0.190570141	0.300686455	0.128821895	0.002599161	0.131732081	0.04335098	0.176270476	0.002162304	0.346089531	0.08249909	0.052431472	0.121853999	0.090190451	0.151281865
TCGA-HT-8108_1	0.171363693	0.417205176	0.054936201	0.011038764	0.012015015	0.058202549	0.208027672	0.14374101	0.011925848	0.031157727	0.117365151	0.06201347	0.37752802	0.006751212	0.485103051	0.002650323	0.018348887	0.126124127	0.019555473	0.042315577
TCGA-DU-6394_1	0.136944915	0.073392928	0.022984321	0.00440482	0.001696532	0.166363746	0.049714693	0.111750782	0.004431282	0.030953382	0.152935475	0.093306751	0.063219783	0	0.467360622	0.011224939	0.014080366	0.467725469	0.006902608	0.296209582
TCGA-HT-7677_1	0.119991121	0.085361353	0.044335288	0.000739	0	0.03756701	0.044350915	0.052243075	0.023449965	0.054052762	0.184796062	0.127979409	0.087340243	0.003795102	0.506608703	0.026813992	0.02437186	0.161927505	0.089801285	0.287004015
TCGA-DB-5277_1	0.270275861	0.132132979	0.060605382	0.005282635	0	0.034606183	0.074981606	0.089210072	0.014712816	0.014947942	0.147144619	0.119591909	0.048127133	0.000703335	0.320101057	0.014908067	0.017578081	0.755173424	0.003667043	1
TCGA-P5-A5F1_1	0.20519879	0.33392471	0.099227678	0.020715664	0.003182522	0.009401233	0.092962738	0.113260951	0.039906019	0.004122214	0.152331437	0.010674158	0.139801549	0.003974343	0.366087182	0.017549895	0.098535602	0.1806992	0.018130968	0.033754348
TCGA-FG-8187_1	0.142342855	0.323927618	0.053631938	0.000759582	0.002691471	0.055648608	0.103308763	0.075641326	0.018981293	0.019112342	0.121550127	0.090377149	0.195616039	0.000840195	0.432220911	0.011871946	0.006924839	0.156707474	0.387671214	0.14528712
TCGA-HT-7468_1	0.157908749	0.133170951	0.046320278	0.00399819	0.006193658	0.032931996	0.073095986	0.090859247	0.026425559	0.040501919	0.154804625	0.025563806	0.067394464	0.002900304	0.582456542	0.009107654	0.015594007	0.101226885	0.036964002	0.37373893
TCGA-HT-7875_1	0.106176353	0.118360901	0.013487968	0.001111808	0.003970129	0.028143404	0.037361704	0.028213113	0.013999223	0.029391768	0.16281053	0.11644918	0.060021698	0.000309788	0.284485014	0	0.005931017	0.138499507	0.289149471	0.283322561
TCGA-HT-A4DV_1	0.075555158	0.25838002	0.040931896	0.000579712	0.005135171	0.015168171	0.088050531	0.071571787	0.037557502	0.003241732	0.136559732	0.099791792	0.136283176	0.002404563	0.402944199	0.0339785	0.011933958	0.142396776	0.004178966	0.156444012
TCGA-DB-A4XB_1	0.179029649	0.150504911	0.04935185	0.000626728	0.010310139	0.024363117	0.072789736	0.064958838	0.029623982	0.031479146	0.091634032	0.04594913	0.194174796	0.002145672	0.467244702	0.030320148	0.010839284	0	0.022374186	0.236374497
TCGA-E1-5304_1	0.704809486	0.059955477	0.017182038	0.000529612	0	0.00400326	0.025835189	0.032909739	0.005900216	0.032955989	0.110481726	0.027691509	0.019216403	0	0.341246936	0.007473146	0.003187113	0.133550243	0.001838223	0.44853652
TCGA-DU-6407_1	0.177050835	0.343579545	0.096848625	0.00109426	0.017641236	0.029776637	0.132044766	0.174701023	0.001974955	0.067719781	0.163973581	0.048051886	0.178979222	0	0.518999365	0.008338182	0.005856856	0.123212272	0.010254661	0.260111336
TCGA-IK-8125_1	0.155212672	0.172756806	0.04201804	0.002606635	0.00594396	0.039795973	0.068215711	0.050881168	0.023289004	0.033262112	0.129952688	0.055400126	0.113592739	0.003092569	0.420394787	0	0.016115745	0.020964463	0.077394456	0.186879884
TCGA-DU-6542_1	0.19381387	0.249561086	0.120484798	0.010431566	0.007750256	0.129720856	0.226259235	0.219357665	0.018893938	0.01722343	0.101826466	0.017412955	0.429036235	0.000403265	0.571846125	0.017093309	0.061751307	0.038586508	0.02943246	0.302309039
TCGA-FG-A4MY_1	0.197215129	0.153929077	0.130972087	0.013256245	0.004300063	0.017782027	0.074653455	0.106574705	0.022464248	0.005078861	0.145840846	0.043166365	0.067995392	0	0.462048139	0.014226373	0.052107763	0	0.006998724	0.433411306
TCGA-DU-5855_1	0.191866028	0.486190939	0.177553399	0.029874388	0.008706682	0.063007826	0.20404216	0.159639786	0.023879361	0.041552921	0.119581008	0.029053667	0.347002726	0.00067949	0.579634299	0.024004395	0.024027746	0.148562272	0.019484953	0.233715707
TCGA-HW-8320_1	0.160180339	0.234507474	0.153024586	0.01367329	0.002245995	0.053077224	0.154974776	0.113455229	0.004693682	0.037696023	0.123084512	0.037488925	0.281855154	0.000350565	0.56334509	0.027247926	0.009321434	0.079370223	0.016451023	0.038290304
TCGA-HT-8114_1	0.236313392	0.493262818	0.115688031	0.099629845	0.008921717	0.121218717	0.212972585	0.153523702	0.051267331	0.044885621	0.156393797	0.033319766	0.401349203	0.003481207	0.495801197	0.032794916	0.051709254	0.133976368	0.029040682	0.041910816
TCGA-HT-A5R5_1	0.129220421	0.476110007	0.136262902	0.013942544	0.00658714	0.190672257	0.154270171	0.199883811	0.032690452	0.012975236	0.172512366	0.018432257	0.272572227	0	0.38431769	0.435845052	0.043189847	0.387170086	0.042882985	0.102744876
TCGA-DB-A64Q_1	0.192678841	0.102025818	0.028279164	0.003555931	0.005266759	0.010889609	0.054953149	0.063934367	0.002751422	0.014889834	0.19412454	0.139923773	0.08474095	0	0.489578584	0.002903746	0.002841348	0.360923448	0.115722368	0.196304462
TCGA-P5-A5EU_1	0.403791525	0.110295315	0.241467852	0.050198914	0.036265216	0.187102807	0.161533377	0.217097851	0.017682374	0.038713764	0.079879999	0.046473037	0.315675224	0.005283126	0.28672765	0.018663399	0.171769348	0.83793933	0.053122498	0.351274245
TCGA-CS-4943_1	0.743537035	0.208900624	0.160824223	0.011832511	0.010465478	0.01607447	0.147347899	0.144514006	0.009294308	0.056446642	0.147768763	0.028030801	0.218901942	0.00065334	0.487037104	0.030007263	0.008164905	0.164857115	0.005109831	0.497700459
TCGA-FG-8191_1	0.187427417	0.310995867	0.057325587	0.021599609	0.006999879	0.110273744	0.12570828	0.147697535	0.042054006	0.021787291	0.090499857	0.007902797	0.227847188	0.001092573	0.509850153	0.313929486	0.024595142	0.231057411	0.036078061	0.090316768
TCGA-HT-A618_1	0.144349066	0.57424291	0.275319351	0.015330599	0.015338112	0.094234919	0.301307917	0.17930291	0.078525191	0.009470201	0.092862237	0.013762001	0.605623557	0.006703322	0.296595214	0.016914922	0.12068391	0.055791305	0.03744615	0.249904213
TCGA-HT-7690_1	0.164311283	0.427038258	0.218491506	0.055430308	0.034483954	0.028948834	0.217379289	0.180177459	0.064473823	0.011489319	0.105368068	0.069390222	0.225729456	0.000283238	0.355531774	0.062046865	0.077879412	0.466629085	0.028062804	0.244552235
TCGA-DB-A64L_1	0.061596343	0.251655972	0.058894686	0.008743301	0.008936481	0.054552328	0.080909871	0.063046373	0.071583927	0.020955318	0.163337045	0.200456048	0.060049062	0.010693795	0.32608213	0.055845789	0.051178353	0.085074084	0.043634677	0.16943421
TCGA-DU-8166_1	0.132011453	0.1664979	0.1505135	0.003625641	0	0.152801884	0.090280173	0.0662027	0.02234336	0.063220127	0.112888322	0.027297332	0.228822301	0.001589416	0.54387418	0.172944195	0.015382606	0.175625649	0.026518676	0.153255472
TCGA-DB-A4XH_1	0.099560853	0.258177217	0.019502959	0.001046069	0.007085893	0.01046528	0.044181555	0.020028934	0.024986972	0.032167976	0.187815557	0.083840074	0.031124026	0	0.420793786	0.015628694	0.007057498	0.083547136	0.040365158	0.203416055
TCGA-HT-7485_1	0.219703594	0.214640575	0.085823358	0.000753264	0.002344205	0.124647103	0.145079609	0.142741926	0.011635113	0.027686565	0.116557398	0.052561762	0.284426964	0.001097783	0.57874059	0.005171103	0.014982818	0.152392958	0.200325019	0.148318909
TCGA-E1-5311_1	0.178378922	0.239667961	0.024913377	0.004844849	0	0.033954331	0.062637259	0.041423455	0.027955356	0.060627869	0.15742184	0.053810585	0.047283851	0.000928061	0.611908129	0.017485478	0.002796435	0.214074554	0.01129	0.246202319
TCGA-P5-A5EV_1	0.075699291	0.274310696	0.083950717	0.002950892	0.023257187	0.030531633	0.12174862	0.096944383	0.018899639	0.020322675	0.095247827	0.061035511	0.218167224	0.002420093	0.459092185	0.005699893	0.008793622	0.119013165	0.048367879	0.186528661
TCGA-HT-7902_1	0.231835472	0.26199256	0.011262884	0.001488883	0.019156754	0.046399816	0.077191212	0.054610453	0.034526745	0.004590204	0.167194745	0.079092123	0.180864809	0.005681182	0.490824115	0.004225368	0.031640812	0.064513552	0.012471603	0.174168591
TCGA-CS-4944_1	0.315835536	0.506359575	0.09574128	0.026524868	0	0.034425303	0.094619926	0.18881858	0.083717515	0.015176148	0.297863742	0.084123055	0.159562075	0.002526595	0.522929007	0.028561761	0.058845442	0.077905418	0.015807462	0.089339101
TCGA-HT-7684_1	0.121495757	0.5477779	0.230923661	0.065373046	0.003651748	0.021572932	0.193821757	0.225698524	0.0047693	0.008631158	0.144067279	0.033211421	0.211725885	0	0.517053377	0.064434562	0.014548347	0	0.002971767	0.199903053
TCGA-DU-7299_1	0.128253434	0.277684644	0.061018495	0.001238701	0.00687471	0.035534475	0.153066418	0.142039956	0.011671664	0.024983236	0.071715338	0.034408923	0.331508053	0	0.425740065	0.001895009	0.008415838	0.187774651	0.027971911	0.225963657
TCGA-DB-A64W_1	0.388019215	0.064568433	0.005487145	0.000198016	0.011401362	0.011786807	0.018827417	0.015098144	0.037970802	0.020651926	0.208222938	0.057416633	0.011333644	0	0.342252405	0.003143011	0.001182847	0.067802704	0.002319326	0.344858993
TCGA-E1-5322_1	0.161913683	0.347619583	0.243573567	0.114852402	0.003712728	0.031803863	0.167871627	0.224992269	0.012122522	0.021235453	0.189663971	0.049742644	0.364612281	0	0.558002166	0.026614368	0.016948671	0.135432295	0.007553482	0.299749724
TCGA-FG-A60J_1	0.138109469	0.353473842	0.138662414	0.011908904	0.008035258	0.058546108	0.160430056	0.143632074	0.021688619	0.029399031	0.132885237	0.099937202	0.226875933	0.012124009	0.514515743	0.073845899	0.035347318	0.148176096	0.045774308	0.315475778
TCGA-HT-7616_1	0.292922924	0.245510102	0.10951877	0.254982355	0.031796976	0.144637615	0.241624728	0.218880891	0.133718622	0.048397563	0.16309829	0.15832538	0.133488421	0.019851875	0.333581698	0.140261833	0.121925894	0.47053967	0.26134733	0.205724399
TCGA-CS-6668_1	0.108757566	0.060654533	0.020422665	0.001102005	0.008751614	0.024558786	0.034404069	0.042059481	0.009715656	0.07461837	0.167348375	0.048982088	0.01719756	0	0.539828349	0.002413181	0.010169544	0.052049395	0.144225008	0.326514741
TCGA-QH-A65S_1	0.124971295	0.442166807	0.072763077	0.000307022	0.019642027	0.013924381	0.154540952	0.175720898	0.012313327	0.009338043	0.130068062	0.035072538	0.197977014	0.001226327	0.462451655	0.004332259	0.016628585	0	0.031969092	0.095809281
TCGA-HW-A5KM_1	0.183431758	0.884040553	0.478665602	0.044145384	0.007114779	0.236428184	0.872860987	0.790944188	0.028806101	0.018299076	0.095039591	0.015841234	0.798058903	0.001110508	0.4283331	0.068655683	0.057281188	0.064082988	0.020265375	0.275099012
TCGA-CS-5394_1	0.238259788	0.069237597	0.016871903	0.010424737	0.01503257	0.015223914	0.059502198	0.026575466	0.003926603	0.072737863	0.292243045	0.113441883	0.029787608	0	0.482719222	0	0.001782422	0.087763998	0.033205022	0.254752334
TCGA-HT-A61B_1	0.330213053	0.664276504	0.665664851	0.027375749	0.085510218	0.018522233	0.398319178	0.336940832	0.011167824	0.002263715	0.134421129	0.0665319	0.317606219	0.002669366	0.206805226	0.050293843	0.112846069	0.316548742	0.032474225	0.479082195
TCGA-DU-6399_1	0.208242608	0.372881098	0.115463935	0.006382731	0.002149069	0.041897523	0.246018812	0.19839194	0.019647939	0.055916539	0.131397608	0.074698433	0.322942216	0.001677283	0.586750695	0.021330711	0.024437603	0.106708806	0.017489496	0.18052254
TCGA-DB-5278_1	0.111011458	0.145703492	0.059389315	0.005121988	0.013925299	0.021153532	0.074886089	0.089715072	0.048844034	0.008663588	0.129291345	0.065055695	0.116257799	0.001552446	0.484923057	0.010968685	0.013704073	0.150355548	0.072849308	0.218130821
TCGA-HW-8319_1	0.18692227	0.214180276	0.042352048	0.001120478	0.004063846	0.090029544	0.090191047	0.061240646	0.038214758	0.051816685	0.123948153	0.049798955	0.247272942	0.000317202	0.562697292	0.004481623	0.003372995	0.249411859	0.031418514	0.142327955
TCGA-HT-7695_1	0.127374595	0.122076879	0.022422416	0.001371926	0.004886115	0.031751533	0.049284496	0.044502296	0.046371945	0.033821179	0.130450776	0.089652946	0.079370763	0	0.438311537	0.008980942	0.004460956	0.085034134	0.041088642	0.228623332
TCGA-FG-8186_1	0.123402419	0.282616186	0.073657868	0.034229391	0	0.095364569	0.127969403	0.13707962	0.040433165	0.036172072	0.142715423	0.096529313	0.158680093	0.001035465	0.609167451	0.060966632	0.017803228	0.076458368	0.028793078	0.16235714
TCGA-CS-4938_1	0.185269246	0.219526843	0.184116756	0.003215634	0.008079549	0.06045616	0.138373936	0.228954369	0.008441384	0.013900486	0.123702494	0.051018553	0.251771355	0.001681391	0.486349503	0	0.00827034	0.128685316	0.021916067	0.209317826
TCGA-HT-8109_1	0.130620319	0.19561698	0.041834254	0.001467564	0.002380152	0.068901419	0.082229453	0.081200855	0.085178234	0.033302795	0.11400365	0.082705298	0.20073568	0.00148612	0.520338228	0.002624839	0.005926755	0	0.156900335	0.141280517
TCGA-E1-5305_1	0.171009911	0.329458486	0.078781074	0.017555203	0.011145888	0.024691887	0.10956444	0.106552475	0.012373352	0.06035558	0.145369994	0.022371181	0.121103687	0.001739702	0.518432829	0.030729306	0.026133877	0.390579086	0.015873281	0.269955879
TCGA-HW-7486_1	0.161461288	0.222198847	0.074343116	0.002188858	0.011405214	0.059292761	0.112537934	0.140406956	0.014895909	0.038963414	0.124838288	0.056334605	0.148286482	0.000356076	0.603081264	0.005030942	0.014767527	0.07382172	0.085390908	0.207839156
TCGA-DB-A4XC_1	0.188956303	0.331579427	0.045140887	0.023904495	0.02457821	0.019359516	0.157955999	0.150475123	0.042799623	0.033055464	0.138069244	0.06868669	0.251518198	0.001278727	0.39716577	0.018069483	0.033999101	0.173641505	0.016667807	0.048051569
TCGA-HT-7605_1	0.126177625	0.135355592	0.053753331	0.000837799	0	0.072735932	0.06770992	0.063556351	0.052801152	0.017468385	0.109649571	0.101032774	0.115892696	0.000573689	0.512169342	0.028372048	0.006558509	0.122883801	0.183943993	0.143968378
TCGA-DU-6408_1	0.133756028	0.365823166	0.086140119	0.001838421	0.005070981	0.089867624	0.147660528	0.134939406	0.014569628	0.017774556	0.187613461	0.028435671	0.30150219	0	0.41658247	0.013980029	0.017045155	0.086787461	0.024759331	0.346193932
TCGA-HT-7689_1	0.176686418	0.204227701	0.075901708	0.0005503	0.008740702	0.05421825	0.114363507	0.132922084	0.006278642	0.027369504	0.1264038	0.046638407	0.23419409	0.000682195	0.553785568	0.004819992	0.011063418	0.049412746	0.024896192	0.165538494
TCGA-HT-A61A_0	0.090185547	0.201120621	0.011153314	0.002036892	0.009320335	0.016518139	0.059747301	0.035482915	0.142013129	0.004420027	0.121695502	0.049230142	0.126405198	0.00048492	0.327078331	0.010278496	0.006188556	0.10591426	0.032867048	0.060913726
TCGA-CS-5397_0	0.341367819	0.201543263	0.089508718	0.007538974	0.006470957	0.20259899	0.151464611	0.139033993	0.064227519	0.020983272	0.677876237	0.087255804	0.370182084	0.001010017	0.334457718	0.016650881	0.071250312	0.224177268	0.008776352	0.243730236
TCGA-HT-7856_0	0.128212424	0.298939919	0.031222634	0.011605152	0.001973831	0.08279698	0.043116919	0.0492191	0.085593211	0.017392247	0.14531143	0.096011821	0.091634053	0.001540524	0.41935465	0.010884446	0.01916924	0.055422885	0.004819393	0.068689918
TCGA-DU-5854_0	0.355307405	0.207684291	0.069694581	0.003282964	0.014634594	0.10230249	0.221225083	0.301297345	0.089830334	0.23256766	0.342937855	0.043822852	0.320042875	0.002664857	0.358154339	0.043036602	0.07490205	0.048405138	0.023818541	0.248784692
TCGA-HT-8104_0	0.529659356	0.138051443	0.043616341	0.000481939	0.052675937	0.171153096	0.080240949	0.128617193	0.044717906	1	0.4048477	0.051078429	0.133430963	0.000293657	0.258560627	0.022821518	0.046843449	0.730347203	0.018371781	0.247831005
TCGA-DU-A5TY_0	0.247119141	0.142313755	0.360374815	0.033636635	0.022495256	0.081397337	0.236583035	0.461317677	0.102829589	0.343944012	0.335171312	0.14276285	0.416557064	0	0.181180906	0.195364342	0.432000813	0.126004279	0.038901997	0.269734521
TCGA-HT-A5R9_0	0.333278312	0.101355389	0.027608871	0.002198484	0.008680364	0.01025558	0.032754547	0.027892611	0.026451715	0.039507407	0.120533823	0.09063732	0.033176347	0.009483798	0.443817934	0.025526348	0.077326508	0.134855251	0.00706402	0.267532387
TCGA-HT-8110_0	0.39181918	0.359572559	0.164184833	0.037997714	0.009715743	0.139183899	0.347848851	0.546418626	0.048852082	0.11938009	0.250367224	0.101333575	0.659881652	0.004170214	0.195496401	0.14732299	0.164904978	0	0.217427961	0.165279993
TCGA-DU-7292_0	0.204083586	0.143593851	0.016810719	0.002038458	0	0.073878854	0.049293702	0.048290518	0.068009426	0.468496548	0.45245921	0.039066348	0.094220109	0.000960022	0.37279992	0.013565208	0.016675522	0.132840034	0.016684001	0.162516853
TCGA-DU-A5TT_0	0.253211115	0.35052608	0.057845545	0.007487764	0.005545342	0.029481996	0.089892838	0.104235774	0.020277697	0.016809682	0.103066771	0.103355071	0.148187179	0.002596528	0.197104388	0.018345559	0.053387148	0.223742265	0.022562762	0.210189825
TCGA-HT-7680_0	0.405772125	0.529762514	0.107728347	0.045014116	0.002435355	0.129482716	0.129781392	0.145117359	0.058523809	0.011088983	0.776476052	0.098681964	0.409186317	0.001520486	0.286761459	0.016114304	0.056798715	0.023241568	0.073329367	0.058984701
TCGA-FG-A4MW_0	0.322850764	0.214558741	0.036135116	0.003774221	0.017649581	0.028673153	0.072992565	0.093489665	0.014983096	0.371341134	0.339341557	0.024548068	0.09874096	0.001377414	0.35489802	0.009732009	0.050539087	0.188262919	0.017953884	0.221559498
TCGA-HT-A5RC_0	0.382445831	0.171986244	0.056204068	0.007854808	0.031737921	0.535207032	0.113223765	0.105589147	0.020348453	0.511011345	0.560343782	0.032135808	0.266535227	0	0.246273514	0.025454852	0.040710301	0.097964365	0.014087818	0.22474096
TCGA-HT-7691_0	0.088036394	1	0.154566065	0.016106661	0.011106732	0.083983131	0.168190648	0.175010838	0.037713935	0.006413973	0.116662764	0.04506526	0.297014995	0.002427006	0.29674205	0.203320266	0.105640569	0.19830349	0.065075908	0.069733979
TCGA-DB-A4XG_0	0.13930193	0.130251426	0.008599265	0.000512588	0	0.036921984	0.027603291	0.023405818	0.013302062	0.074902668	0.163424081	0.04385279	0.028897079	0	0.588061035	0.002552635	0.002113376	0.161674494	0.003767338	0.304093754
TCGA-DU-8165_0	1	0.160576132	0.204947918	0.033039021	0.014457431	0.061207743	0.233054172	0.182283214	0.183150162	0.006957696	0.809862186	0.305722133	0.400390888	0.009778357	0.102780971	0.061115996	0.147590563	0.495201655	0.109807564	0.181652371
TCGA-DU-7290_0	0.425758932	0.294102482	0.425033437	0.01067546	0.012417484	0.132043862	0.298005734	0.242912748	0.109740169	0.007060696	0.514112308	0.083953409	0.614896392	0.001292152	0.177150862	0.120964876	0.1367321	0.144545156	0.064000347	0.131399265
TCGA-HT-8019_0	0.05364178	0.201312388	0.015412041	0.000346643	0.022023463	0.034153034	0.04124966	0.022964793	0.132312563	0.003632299	0.102146073	0.120814358	0.085789665	0	0.270140288	0.003036121	0.018050858	0.054446348	0.013442168	0.026407637
TCGA-HT-8558_0	0.101278711	0.115982273	0.007548515	0.000888627	0.002274239	0.051048481	0.050733215	0.022836526	0.124737014	0.002142471	0.079435326	0.105149185	0.07843441	0	0.36954052	0.005015368	0.004529736	0.476314551	0.012954273	0.032368201
TCGA-HT-7857_0	0.141721652	0.473642558	0.997165627	0.074992663	0.040094128	0.651361476	0.750191951	0.707463812	0.346767741	0.000435452	0.290632553	0.04274225	0.808245061	0.009039455	0.253946221	0.174407394	0.214086258	0.290963486	0.117824388	0.242866688
TCGA-E1-5318_0	0.107182139	0.186845276	0.034686729	0.005407861	0.060343389	0.01996321	0.0835744	0.070777999	0.002521886	0.029871723	0.192650945	0.048648498	0.05356831	0.000376715	0.416758207	0.002661649	0.005008426	0.06058965	0.005892865	0.280221542
TCGA-CS-6186_0	0.214950681	0.177229562	0.058266633	0.00229179	0.006359267	0.071379519	0.122794933	0.073873671	0.003322162	0.027380771	0.296339815	0.035485248	0.131430224	0.000496342	0.200238613	0.014026042	0.093951524	0.243623661	0.005175127	0.358497123
TCGA-HT-A4DS_0	0.140431939	0.517881473	0.10572185	0.014330971	0.036220283	0.008023963	0.209341764	0.259643502	0.04848774	0.007185343	0.268087401	0.046153704	0.256224479	0.001413382	0.208968693	0.079887701	0.288600134	0	0	0.207472441
TCGA-FG-8189_0	0.039962212	0.115186527	0.011543663	0.000444815	0.002927047	0.063978968	0.026063745	0.013990905	0.152146948	0.003659663	0.064096195	0.055873424	0.062794254	0.000456867	0.324896049	0.009683873	0.013847547	0.217590085	0.002382011	0.021901981
TCGA-HT-8564_0	0.191308043	0.414978439	0.054984908	0.002765585	0.011927717	0.108515374	0.117925151	0.080724066	0.115278224	0.052416972	0.094699452	0.088875995	0.255229184	0.00335116	0.269369616	0.071032054	0.036827822	0.156223645	0.029120604	0.176289812
TCGA-DU-6405_0	0.490906537	0.134975778	0.078679179	0.002455534	0.008802324	0.228796698	0.112251595	0.131681762	0.019542979	0.147858641	0.803382165	0.045060271	0.283252115	0.002747715	0.362444903	0.014560495	0.102096717	0.384382518	0.005372584	0.30660018
TCGA-DU-8158_0	0.471535573	0.384941472	0.203470883	0.140354727	0.022319377	0.191694213	0.217978658	0.234141701	0.242616095	0.030114033	1	0.256559706	0.415160102	0.004019628	0.315202307	0.132535971	0.124971131	0.023507897	0.085227929	0.186665297
TCGA-HT-7681_0	0.088138495	0.18766076	0.058828258	0.008202867	0	0.030346202	0.088690774	0.077976068	0.11256	0.009081306	0.131984599	0.17004949	0.120071591	0.001336336	0.409166238	0.034619136	0.036950411	0	0.090573871	0.19403299
TCGA-DB-A64O_0	0.24848543	0.279978587	0.072106637	0.001206393	0.003347489	0.023730983	0.127516943	0.12054574	0.02623207	0.013988198	0.341190083	0.098954966	0.203374979	0	0.303544629	0.01476649	0.048066733	0.044214909	0.008172491	0.156789348
TCGA-CS-4941_0	0.324425511	0.237038206	0.10980357	0.024033506	0.053159285	0.361146956	0.224378255	0.295579634	0.111662644	0.418445342	0.327107181	0.135475911	0.342663567	0.071218659	0.208754594	0.100149505	0.184206877	0.222858944	0.06849587	0.236644861
TCGA-DU-5847_0	0.59013088	0.150530638	0.349968889	0.084512101	0.007692485	0.11701903	0.205158563	0.230871555	0.105490638	0.023335486	0.628866339	0.176995711	0.456679579	0.004802715	0.273511824	0.106042652	0.128013864	0.121418996	0.098597487	0.421158258
TCGA-DU-8161_0	0.219664625	0.389980336	0.166158301	0.06607503	0.015542235	0.185929549	0.298446087	0.254258079	0.178121313	0.061954534	0.0882858	0.241885324	0.400801993	0.005761534	0.215790684	0.194968634	0.064015776	0.322834086	0.22924869	0.158707358
TCGA-DH-5140_0	0.349051047	0.176459921	0.063028727	0.009329399	0.002079744	0.038092587	0.071654859	0.066202582	0.107576589	0.00921689	0.22380757	0.039751347	0.086361627	0.000973948	0.38143746	0.01146916	0.037635442	0.293715544	0.008463452	0.170445317
TCGA-HT-8113_0	0.073730518	0.195077079	0.015604116	0.001244927	0.002867351	0.072834146	0.034693273	0.018745532	0.089123113	0.010178575	0.091617862	0.058137985	0.060980726	0.007160389	0.329952133	0.009485665	0.01713418	0.320605808	0.016332967	0.056781592
TCGA-DU-6403_0	0.542633487	0.14260751	0.104578001	0.032443894	0.024742535	0.046507889	0.18328521	0.305435233	0.029376673	0.214739808	0.146584458	0.065366475	0.284746185	0.000351066	0.444980761	0.071936024	0.07467589	0.025043722	0.020135304	0.242085931
TCGA-FG-A4MU_0	0.530293322	0.188340281	0.302854628	0.210828674	0.015823386	0.137099413	0.225016146	0.22508284	0.015843733	0.19555874	0.337351118	0.050253008	0.255082989	0	0.18801372	0.101791092	0.130236564	0.107960548	0.021461604	0.264323479
TCGA-HT-8015_0	0.10906838	0.246855638	0.101029276	0.000370868	0	0.060551719	0.116888994	0.086562676	0.147996508	0.002995612	0.19981201	0.073540135	0.345425141	0.000444443	0.388258222	0.021979134	0.087671864	0.111831183	0.02780423	0.081293592
TCGA-HT-A5RA_0	0.386158329	0.153624893	0.085722631	0.014647577	0.034273412	0.05784951	0.098550069	0.088128987	0.028136437	0.216567742	0.367801059	0.060731859	0.146920505	0	0.126944492	0.040496709	0.246673476	0.535976492	0.025899144	0.265755708
TCGA-HT-7469_0	0.377969188	0.112456271	0.03656804	0.000653539	0.002090656	0.03334495	0.065743642	0.088539551	0.003822482	0.054113273	0.247057562	0.089305813	0.111541665	0.000326319	0.188712953	0.02074883	0.010410674	0.197761956	0.028921581	0.290978621
TCGA-P5-A5EY_0	0.109815594	0.332461801	0.04181495	0.000568793	0	0.056106687	0.122774546	0.066003142	0.228404101	0.005642042	0.353530207	0.047823078	0.216228275	0.00255585	0.281272751	0.032504683	0.061702985	0.124557229	0.021321086	0.13754482
TCGA-CS-5395_0	0.473492264	0.107489846	0.028787159	0.003807838	0.004753242	0.033696851	0.092432058	0.078347357	0.014899262	0.098541312	0.501957435	0.113696352	0.13318208	0.001112912	0.316546568	0.013105083	0.006509601	0.170924958	0.019341301	0.266957766
TCGA-HT-7476_0	0.095474493	0.253682467	0.04295924	0.002092609	0.013240395	0.020336726	0.114855514	0.063774895	0.071244736	0.01159028	0.138614561	0.077307988	0.168961163	0.004133244	0.324705032	0.011681525	0.201765352	0.091195192	0.023705186	0.185111871
TCGA-HT-A61C_0	0.524021903	0.111106864	0.141542481	0.020197513	0.025212403	0.111708653	0.137945865	0.202266132	0.217986086	0.000454964	0.153529888	0.0424443	0.166464201	0.003148275	0.204245501	0.080633104	0.081402594	0.352534112	0.014362585	0.341924241
TCGA-DU-5852_0	0.345535009	0.179674298	0.151876857	0.007630473	0.022530561	0.123783655	0.17551315	0.263721132	0.045903986	0.588394408	0.218348712	0.040256009	0.434185792	0.00140667	0.348947522	0.042239523	0.106964599	0.129004909	0.033003387	0.27094689
TCGA-HW-A5KK_0	0.18437339	0.375330941	0.181571083	0.009168024	0.010557269	0.101349929	0.25220066	0.464698536	0.091693119	0.062250262	0.515551673	0.04156043	0.500578788	0.003295755	0.286201451	0.145535579	0.099674549	0.329807445	0.030070797	0.122284252
TCGA-FG-6692_0	0.363756055	0.093399673	0.05968362	0.022710126	0.022060051	0.032580095	0.074102914	0.12075401	0.117548608	0.12710643	0.373857164	0.057616216	0.12422995	0.002754528	0.161219016	0.092445588	0.486298884	0.10357945	0.041290277	0.405779924
TCGA-DU-8162_0	0.169321236	0.122885199	0.036085814	0.002203484	0.006506261	0.158869152	0.074838111	0.066983109	0.090072278	0.115518456	0.098250409	0.070635481	0.166854768	0.001692512	0.458972085	0.007175127	0.021780433	0.35213462	0.007059841	0.083214654
TCGA-CS-6188_0	0.650212801	0.233753483	0.046575227	0.01905092	0.009286314	0.050743601	0.127378701	0.155085419	0.011521434	0.174613909	0.487379841	0.044108685	0.210378486	0.001087063	0.273015336	0.020481249	0.057611929	0.236952141	0.011335446	0.125189373
TCGA-DU-7013_0	0.756330786	0.137677657	0.047432045	0.008069193	0.004665302	0.347278697	0.129511025	0.182068808	0.528898821	0.506503315	0.211632838	0.075225904	0.207802699	0.000242761	0.381802196	0.07031709	0.07538106	0.254876024	0.032905181	0.196163871
TCGA-DU-6404_0	0.212986247	0.183168053	0.035728348	0.010002732	0.079683725	0.036612932	0.092397851	0.080733676	0.059203868	0.047155507	0.605711998	0.053818426	0.154245785	0	0.333657907	0.03515005	0.094942575	0.467880827	0.187333135	0.232471811
TCGA-HW-7491_0	0.192202197	0.084148374	0.019039978	0.008760893	0.007445355	0.008796781	0.051573748	0.045106319	0.010210275	0.07098792	0.101999347	0.06444839	0.043547223	0.000581103	0.684025844	0.004105735	0.005407202	0.084439335	0.009088729	0.178080721
TCGA-FG-7637_0	0.202472338	0.188650532	0.017031937	0.008342263	0.020488047	0.00672405	0.071679136	0.037351784	0.010108501	0.14704132	0.193257525	0.064183229	0.029681182	0.011014904	0.701132422	0.012552224	0.01624899	0.365371128	0.081512305	0.227268152
TCGA-HT-8011_0	0.753939823	0.123753486	0.040113518	0.002827439	0.022108193	0.024933819	0.082004011	0.114128184	0.014174603	0.181543847	0.186117466	0.153015744	0.023603344	0.001568577	0.298117018	0.062061023	0.035865273	0.234604014	0.035983512	0.284724797
TCGA-FG-7643_0	0.113836949	0.218982767	0.012545232	0.004062385	0.01629197	0.207613588	0.085981181	0.048028954	0.077207325	0.016047803	0.138626278	0.06016661	0.146132187	0.001816347	0.368305452	0.00769967	0.028009799	0.16850581	0.035986646	0.055584536
TCGA-DU-6402_0	0.361370622	0.175696421	0.387417546	0.062664139	0.012354578	0.857583005	0.217135511	0.222304278	0.240419651	0.005305718	0.520596399	0.121713197	0.356442888	0.00064282	0.116755587	0.161225859	0.458875127	0.668377085	0.06535172	0.541468181
TCGA-P5-A5F6_0	0.045214061	0.036554455	0.094989076	0.032717883	0	0.011449315	0.049167704	0.065025483	0.019237153	0.004315016	0.773707457	0.021650542	0.083873688	0	0.000124934	0.021373184	0.115175269	0.386251254	0.012617866	0.076217955
TCGA-DU-5849_0	0.151174385	0.121742894	0.059359311	0.010556812	0.005858588	0.047301184	0.088127625	0.114573995	0.059682726	0.028974666	0.15429491	0.039490463	0.063205181	0.003657842	0.453177948	0.010768353	0.032417585	0.611755724	0.022249339	0.237322225
TCGA-HT-7860_0	0.280141765	0.214882497	0.03907596	0.032248191	0.041621199	0.553234025	0.143994737	0.154258338	0.039863264	0.029099816	0.433841319	0.090203939	0.379960402	0.000360885	0.193462889	0.025500156	0.175413574	0.090502739	0.050806828	0.246329457
TCGA-DU-7309_0	0.100537029	0.255532656	0.059961854	0.005314308	0.006234097	0.061379902	0.121751647	0.067666389	0.058078317	0.027381232	0.146487638	0.088816833	0.275742889	0.000648731	0.433310279	0.011457833	0.035184292	0.119985263	0.01691071	0.167123193
TCGA-HT-A617_0	0.229613061	0.215992707	0.060451948	0.079601895	0.046649173	0.090024235	0.211422208	0.269327001	0.129974776	0.014076308	0.312180541	0.056050198	0.227189218	0.013591694	0.167492317	0.147475893	0.143516395	0.202799996	0.048086321	0.159309155
TCGA-DU-7012_0	0.523336887	0.291512944	0.335460643	0.045115321	0.093800951	0.429454162	0.459371903	0.485935023	0.285663866	0.052639003	0.590821949	0.764855612	0.755808388	0.053905001	0.261101468	0.13165607	0.188794844	0.251351615	0.591592233	0.204135853
TCGA-HT-7854_0	0.178803834	0.51373859	0.091275322	0.059140641	0.006917717	0.167551413	0.171045623	0.249263188	0.04155922	0.061928978	0.543235785	0.03868999	0.353528707	0.002879264	0.347627553	0.071201947	0.069472472	0.07478494	0.024394716	0.09470287
TCGA-FG-6688_0	0.345403213	0.364945118	0.102140155	0.061764495	0.011866095	0.071501622	0.195000533	0.336577183	0.024176133	0.16644759	0.690147406	0.093476397	0.299773957	0.000370403	0.300700287	0.047109775	0.114442023	0.909341903	0.027038434	0.172306394
TCGA-HT-7882_0	0.125002436	0.108031249	1	0.559303182	0.049116622	0.443946591	1	0.981508495	0.42915163	0.012552608	0.194032016	0.0960218	0.904289679	0.014566144	0.061937304	0.945201174	1	0.237245102	0.191860523	0.151155431
TCGA-DU-7006_0	0.465230291	0.20502389	0.197738888	0.05943742	0.001842242	0.811958662	0.267590417	0.285239369	0.088550026	0.00361925	0.4893076	0.062339219	0.585560489	0.002300566	0.166392541	0.06501786	0.210415021	0.065232638	0.056974982	0.309878119
TCGA-DH-5141_0	0.096005251	0.205764954	0.100314778	0.011918793	0.004828344	0.022820135	0.129505447	0.090794505	0.008828696	0.018859277	0.19438529	0.046354	0.044650132	0.001130445	0.340597987	0.037274415	0.040276789	0.326220893	0.02554132	0.215764605
TCGA-FG-5963_0	0.265206348	0.284244228	0.185752061	0.046611494	0.078121349	0.106402826	0.349803523	0.658283971	0.221062448	0.000794867	0.19623692	0.207308893	0.460727415	0.001693514	0.326946349	0.150766852	0.076907061	0.113895227	0.070638635	0.242161192
